34.4
3.0
7.2
7.2
41.6
5.2
14.4
57.6
20.8
32.8
5.2
123.2
17.2
7.2
137.6
41.6
7.2
12.0
34.4
15.4
123.2
5.2
12.0
30.8
24.0
3.0
57.6
34.4
28.8
41.6
3.0
41.6
6.0
68.8
28.8
6.0
20.8
68.8
10.4
14.4
68.8
15.4
68.8
57.6
137.6
123.2
57.6
137.6
61.6
123.2
57.6
61.6
68.8
34.4
34.4
68.8
17.2
137.6
6.0
20.8
123.2
32.8
68.8
16.4
6.0
24.0
14.4
16.4
24.0
3.0
7.2
17.2
61.6
24.0
137.6
14.4
6.0
34.4
24.0
61.6
57.6
3.0
30.8
17.2
61.6
24.0
32.8
61.6
123.2
68.8
137.6
41.6
28.8
12.0
131.2
3.0
6.0
20.8
137.6
32.8
68.8
14.4
16.4
10.4
28.8
20.8
7.2
5.2
20.8
123.2
68.8
41.6
32.8
10.4
17.2
15.4
14.4
15.4
7.2
6.0
30.8
14.4
10.4
5.2
6.0
12.0
10.4
20.8
131.2
30.8
68.8
10.4
57.6
61.6
57.6
10.4
17.2
137.6
65.6
20.8
30.8
10.4
16.4
34.4
17.2
3.0
30.8
7.2
123.2
14.4
137.6
34.4
12.0
68.8
24.0
65.6
34.4
12.0
34.4
6.0
5.2
12.0
34.4
6.0
65.6
14.4
17.2
61.6
24.0
32.8
28.8
34.4
41.6
10.4
68.8
30.8
5.2
14.4
24.0
12.0
16.4
61.6
123.2
131.2
123.2
57.6
16.4
5.2
123.2
123.2
14.4
20.8
41.6
137.6
14.4
12.0
3.0
3.0
20.8
65.6
57.6
65.6
3.0
28.8
34.4
137.6
14.4
137.6
20.8
12.0
65.6
61.6
20.8
7.2
17.2
28.8
65.6
3.0
57.6
30.8
34.4
68.8
6.0
61.6
137.6
12.0
57.6
28.8
14.4
123.2
24.0
16.4
30.8
20.8
12.0
24.0
12.0
30.8
28.8
20.8
14.4
3.0
57.6
17.2
6.0
17.2
32.8
34.4
61.6
10.4
34.4
32.8
14.4
3.0
57.6
34.4
41.6
24.0
68.8
34.4
12.0
32.8
41.6
5.2
68.8
28.8
61.6
17.2
6.0
6.0
7.2
7.2
57.6
15.4
6.0
68.8
12.0
6.0
24.0
24.0
7.2
41.6
6.0
65.6
6.0
34.4
15.4
131.2
137.6
61.6
16.4
57.6
61.6
28.8
123.2
20.8
28.8
34.4
5.2
131.2
30.8
14.4
57.6
16.4
6.0
68.8
16.4
14.4
24.0
65.6
10.4
14.4
17.2
32.8
34.4
14.4
34.4
3.0
5.2
20.8
61.6
3.0
3.0
15.4
5.2
30.8
61.6
32.8
24.0
6.0
57.6
68.8
3.0
32.8
34.4
20.8
41.6
32.8
17.2
34.4
123.2
61.6
34.4
65.6
61.6
32.8
123.2
137.6
16.4
131.2
131.2
131.2
7.2
61.6
6.0
6.0
5.2
15.4
61.6
65.6
131.2
7.2
131.2
3.0
3.0
7.2
17.2
5.2
17.2
6.0
65.6
16.4
30.8
65.6
6.0
131.2
14.4
10.4
30.8
3.0
6.0
20.8
137.6
20.8
131.2
12.0
17.2
3.0
17.2
28.8
3.0
7.2
32.8
131.2
15.4
34.4
5.2
10.4
14.4
131.2
24.0
20.8
41.6
5.2
68.8
123.2
65.6
24.0
14.4
123.2
6.0
5.2
14.4
30.8
61.6
7.2
30.8
17.2
5.2
6.0
131.2
7.2
10.4
16.4
10.4
7.2
15.4
12.0
7.2
123.2
41.6
41.6
61.6
61.6
12.0
32.8
5.2
28.8
20.8
123.2
131.2
16.4
32.8
14.4
14.4
61.6
57.6
65.6
131.2
32.8
68.8
123.2
57.6
137.6
30.8
28.8
12.0
137.6
41.6
14.4
15.4
65.6
6.0
16.4
41.6
10.4
68.8
5.2
28.8
12.0
20.8
34.4
16.4
65.6
68.8
15.4
10.4
14.4
12.0
65.6
12.0
17.2
41.6
32.8
12.0
41.6
10.4
24.0
131.2
131.2
20.8
131.2
30.8
28.8
24.0
17.2
16.4
65.6
12.0
16.4
12.0
137.6
24.0
137.6
137.6
6.0
12.0
57.6
34.4
28.8
12.0
15.4
34.4
32.8
20.8
16.4
10.4
7.2
32.8
24.0
3.0
57.6
68.8
123.2
10.4
12.0
15.4
30.8
10.4
5.2
123.2
14.4
24.0
30.8
12.0
65.6
32.8
137.6
57.6
30.8
137.6
68.8
41.6
131.2
65.6
24.0
17.2
5.2
30.8
3.0
34.4
34.4
5.2
32.8
30.8
15.4
137.6
137.6
17.2
57.6
131.2
123.2
30.8
28.8
34.4
10.4
131.2
30.8
5.2
5.2
68.8
15.4
20.8
68.8
5.2
7.2
14.4
137.6
68.8
41.6
24.0
24.0
32.8
34.4
10.4
24.0
61.6
30.8
5.2
17.2
16.4
131.2
17.2
137.6
30.8
14.4
41.6
131.2
12.0
61.6
20.8
41.6
61.6
10.4
10.4
16.4
30.8
14.4
41.6
10.4
57.6
28.8
57.6
30.8
123.2
5.2
131.2
131.2
5.2
65.6
41.6
34.4
24.0
6.0
57.6
15.4
123.2
137.6
16.4
6.0
12.0
5.2
131.2
28.8
14.4
32.8
20.8
137.6
14.4
16.4
20.8
15.4
20.8
57.6
14.4
15.4
12.0
20.8
32.8
123.2
15.4
5.2
16.4
14.4
41.6
123.2
15.4
15.4
17.2
34.4
16.4
61.6
12.0
3.0
7.2
6.0
34.4
10.4
68.8
34.4
137.6
57.6
7.2
3.0
30.8
17.2
123.2
3.0
20.8
16.4
10.4
57.6
41.6
123.2
16.4
57.6
57.6
123.2
61.6
6.0
5.2
14.4
65.6
12.0
14.4
34.4
17.2
68.8
34.4
30.8
123.2
65.6
16.4
123.2
14.4
24.0
16.4
34.4
131.2
131.2
41.6
68.8
14.4
131.2
30.8
15.4
28.8
20.8
137.6
24.0
123.2
3.0
32.8
30.8
12.0
16.4
24.0
14.4
123.2
57.6
3.0
131.2
41.6
68.8
24.0
131.2
7.2
5.2
65.6
17.2
65.6
6.0
137.6
24.0
68.8
28.8
16.4
61.6
12.0
65.6
6.0
14.4
34.4
32.8
57.6
131.2
10.4
131.2
6.0
14.4
65.6
137.6
65.6
6.0
123.2
137.6
24.0
24.0
34.4
28.8
32.8
123.2
12.0
7.2
3.0
137.6
24.0
14.4
28.8
28.8
17.2
3.0
12.0
17.2
30.8
68.8
32.8
10.4
6.0
34.4
30.8
57.6
65.6
65.6
5.2
65.6
12.0
10.4
131.2
65.6
20.8
14.4
6.0
41.6
30.8
17.2
65.6
16.4
123.2
10.4
6.0
137.6
30.8
16.4
5.2
7.2
10.4
65.6
12.0
3.0
68.8
7.2
65.6
68.8
24.0
3.0
12.0
3.0
41.6
57.6
24.0
15.4
131.2
10.4
17.2
32.8
131.2
32.8
32.8
24.0
34.4
28.8
61.6
24.0
14.4
123.2
20.8
123.2
5.2
137.6
15.4
137.6
68.8
131.2
10.4
30.8
24.0
41.6
137.6
15.4
15.4
24.0
10.4
123.2
65.6
10.4
12.0
20.8
6.0
123.2
30.8
28.8
15.4
137.6
10.4
7.2
131.2
12.0
12.0
3.0
14.4
131.2
34.4
10.4
12.0
10.4
61.6
6.0
61.6
30.8
17.2
28.8
131.2
30.8
5.2
20.8
32.8
16.4
3.0
30.8
7.2
137.6
16.4
57.6
123.2
3.0
30.8
123.2
34.4
32.8
15.4
24.0
30.8
12.0
12.0
30.8
32.8
30.8
123.2
3.0
61.6
12.0
16.4
34.4
65.6
6.0
61.6
17.2
3.0
65.6
61.6
65.6
7.2
12.0
65.6
123.2
57.6
131.2
17.2
5.2
20.8
16.4
12.0
65.6
34.4
41.6
61.6
65.6
20.8
34.4
16.4
5.2
61.6
24.0
131.2
3.0
41.6
6.0
34.4
32.8
15.4
14.4
28.8
32.8
5.2
20.8
17.2
17.2
14.4
3.0
137.6
6.0
34.4
15.4
32.8
123.2
16.4
57.6
41.6
16.4
137.6
41.6
5.2
15.4
24.0
61.6
137.6
12.0
5.2
15.4
28.8
41.6
131.2
24.0
3.0
68.8
15.4
57.6
34.4
16.4
