0.04815267938709484
0.05525125932197122
0.08151693903045777
0.1118326309074546
0.112579614484624
0.1787340354440341
0.26844794488195917
0.28484711222445036
0.3272350360801859
0.35068710633086114
0.36760275080995675
0.42488629525478266
0.5730620703554176
0.6578042076000371
0.7063684758334237
0.7845840976213374
0.8077006412585076
0.8480295383429752
0.853570744817248
0.910396639184277
0.931103037315051
1.1525014046570488
1.1850891780231692
1.197939379729949
1.2394029367940687
1.2862049624102312
1.4071019058372396
1.4588579170997655
1.5259045558320727
1.6420159254325914
1.7795504205209127
1.904425194521747
1.9702470113554666
2.0508511318409695
2.0581520716363073
2.0587558653917757
2.07556616551072
2.0966575863460535
2.1074252940428466
2.169263045300005
2.289212451386155
2.2952555757248114
2.382701400038097
2.3839894398478814
2.4496572806531445
2.54760781816186
2.555724028018447
2.567446915918736
2.568967239777007
2.5967892174259393
2.600961241470162
2.7450442101991244
2.8083496644616583
2.851370598043214
2.9280190757975233
2.953171097304445
2.9565027757514253
3.049745281594515
3.0515729466426134
3.0550457770896724
3.0682792405943826
3.076313555509643
3.082703705840582
3.1033347896367736
3.108937250311919
3.128593058883029
3.1918281183274826
3.2710906717788646
3.271220979647365
3.2835124884327183
3.386110547732026
3.4027220326552046
3.468896350046664
3.473738180575185
3.4883694852104528
3.5487849936197406
3.57878970716408
3.619848983874589
3.692991879811465
3.728776970482072
3.793711179152293
3.810468334028809
3.832902806529885
3.8664986345474652
3.8759426597937847
3.877958673129144
3.9079389091859587
4.017023827208233
4.042955660916258
4.123394443058868
4.127898893487546
4.236717195188255
4.377926374319934
4.418822570627195
4.509083667469234
4.546982260171375
4.627545492223605
4.7379701449234615
4.814153734084952
4.915229450793765
4.922339573637075
4.958002340435071
4.9604238796875935
5.001173565548577
5.046263744737048
5.0526045577794045
5.230963497475176
5.241768898216346
5.304726942911014
5.332760710017092
5.381579768276825
5.408085686374072
5.49932759684349
5.5019498453163695
5.507114340733032
5.610284213720411
5.659318025689794
5.71576952202532
5.768583214430396
5.783254156577141
5.877875503547629
5.902849633565335
5.931903217320073
6.044464901678563
6.076862399654123
6.097986158181271
6.141196504603405
6.145408248550209
6.244334990825735
6.262136876488674
6.300828117386184
6.4213438903802595
6.464998253755457
6.567393960790771
6.612516817671838
6.6642863597763755
6.665813106674673
6.729426554058121
6.78042254208392
6.7949453585957045
6.830713093623921
6.850571820237146
6.910734085915499
6.9544120583856275
6.961713133389292
6.9882746200571715
7.0439595175269885
7.066745056085085
7.152917281704608
7.164021710170559
7.1758612311965555
7.19725482051843
7.249608391848282
7.3005913348420055
7.316213329506539
7.355566834972913
7.384458941698209
7.418954050778077
7.477756666835739
7.5034168497937666
7.544353459464461
7.556105620659595
7.559770169498058
7.588837651203678
7.641974546384329
7.677863993870896
7.688772499928173
7.719578831576373
7.726330760195408
7.7679049198212216
7.775310568886675
7.816936310058878
7.973730812428386
8.02492803258391
8.027486463075855
8.071708433348613
8.106662606288127
8.15678212673716
8.23517409983228
8.242340670942523
8.336349495091035
8.35799738010661
8.470496619283868
8.559102066579076
8.588646750959926
8.589403477656655
8.679795073867936
8.720619307144958
8.771775701016637
8.788195712765381
8.82847568463009
8.902018030610657
8.925990716856909
8.944424740466426
8.988915801914901
9.096496451831081
9.104714064783257
9.123043434322259
9.14047967485836
9.157218065639663
9.370904391395237
9.372172271050191
9.439808825593182
9.49050602278444
9.50281763048485
9.58212005331299
9.6293145451744
9.688845723634191
9.888087489886074
9.919347885919585
9.926008250020594
10.093209783413043
10.158613519419914
10.211275845308974
10.275165997563294
10.281896642264932
10.439992876372918
10.52199112834288
10.712120217518475
10.74457087305894
10.801088874844904
10.91981911542125
10.946560375902502
11.02602970028875
11.026735250437493
11.087487524680181
11.130144496923819
11.158068289603232
11.159700553259327
11.220347297706013
11.310461986966692
11.34384476617945
11.371421548868687
11.500780302489247
11.501298277622135
11.50906880017031
11.625180698351583
11.66430066209618
11.66996230691583
11.678437368682333
11.711456789025005
11.742566133547985
11.787295353257866
11.8192980110594
11.82618564178368
11.837096929701266
11.8508804227967
11.9252964560057
11.951208233717255
11.966216406007954
11.975921881298282
12.000070060792122
12.082603095100946
12.11883710280482
12.17955571446086
12.215544445139125
12.220501205994616
12.2223138988912
12.269712111741665
12.336049965436741
12.373674439016733
12.518453468913492
12.551982171986387
12.610007613390717
12.639736608597469
12.665062050597214
12.688740253023512
12.711138385157545
12.736408592359535
12.818371489844331
12.852504289681807
12.903895024990193
13.051789474778404
13.089536058815252
13.144046809891112
13.165105017782105
13.182559920208949
13.21067601401865
13.327958408808867
13.564960706984168
13.612349484651624
13.63122443851687
13.698164312866512
13.762937696903597
13.940431581644406
13.973680861745171
14.051747930837161
14.076119883784479
14.102111746981087
14.102788397859305
14.148414363321912
14.19781799487671
14.254020679064656
14.28242414606359
14.306950893780817
14.331078786683452
14.349790437556507
14.351994876838885
14.362882640519578
14.521148720579617
14.585725477059983
14.626867623915139
14.766851343034284
14.968079857469572
14.998317043345484
15.013250848235002
15.018592431375744
15.033795129098875
15.130401186295952
15.141118448505939
15.151590697598008
15.15415435327931
15.155564930505982
15.168561355431436
15.200232536295168
15.200599810452434
15.2277550108216
15.278449109734327
15.297387232443205
15.328053660188685
15.335058995663099
15.426867780881036
15.493326975410461
15.586495085129918
15.621991274067431
15.668309341473815
15.807742713813232
15.865940698161703
15.891881904871298
15.924926512912807
15.9265104008269
15.949089303541596
15.988006073805215
16.03322430598177
16.054206476701726
16.067581234893826
16.090930272269414
16.226773065048135
16.24141746654797
16.33819992966984
16.38483850676298
16.41835704812787
16.46149332280859
16.468915956477527
16.471838873221987
16.48401747914782
16.526385006279693
16.54039113056603
16.69477355206888
16.701244564075942
16.723561216128665
16.78036871315945
16.82179777245753
16.82285725581433
16.835751639178103
16.885916998738956
16.99281777957436
17.11239411827768
17.16860091500424
17.173656633577057
17.243133703428427
17.288725767030378
17.36089785591791
17.374171804075498
17.47982771487945
17.503736318890812
17.63630436409176
17.65537622778726
17.661826050398552
17.70271615879681
17.722505041763362
17.784299145208557
17.82274834509728
17.829155929092742
17.843047463902582
17.93898979868483
17.988837418649066
18.03547814242796
18.042721447774106
18.138571891195337
18.26378968705231
18.31923549867667
18.392448789555257
18.472819536891627
18.59987730138557
18.640635221239023
18.676342708940396
18.86256940212548
18.867309842048396
18.867477766008705
18.884973155553617
18.896781994334678
18.90493172004322
18.92426958807819
18.93680773433598
18.947706051053775
18.994976605483465
19.009439562473403
19.0457736948603
19.0537492620114
19.10015181030624
19.253728732360695
19.255309084877318
19.36527466458293
19.498587208614364
19.515300207163435
19.525655807208608
19.537113580807944
19.605668404054
19.681213728889766
19.727323568320728
19.739809479026466
19.744980279214715
19.827022958445205
19.894290476104523
20.0224897956471
20.054045193593772
20.164355309689928
20.266305204994037
20.271764245557403
20.30435031065996
20.400835542355562
20.40654311925713
20.441811314051712
20.524937712616566
20.599067118014343
20.60439668098043
20.76212468687939
20.815952349757154
20.835989867616107
20.947843179403563
21.0630688666297
21.085532340666923
21.131564274582747
21.13547279737658
21.17320740917594
21.18735498704048
21.210127660243344
21.24772440851846
21.263445964960308
21.328491779409234
21.334630613097687
21.345813964292308
21.43112204195701
21.438611513093903
21.528173021532123
21.547978680900712
21.601104177620815
21.633605312228497
21.650677121690123
21.65332171051882
21.77041805641872
21.814664025192535
21.87180256019987
21.923535911685256
21.940783500783276
22.06034977238498
22.073549048117457
22.263223343494346
22.28683123586849
22.33547567422085
22.34272582757727
22.40833766556965
22.44832688969165
22.47939666324412
22.522485288429188
22.528122391561194
22.544845939687146
22.553792517322613
22.738971166607552
22.74116252619359
22.758991238471697
22.824250771190535
22.936401361418365
22.937985056752925
22.94795214885139
23.011343007685884
23.029087700432083
23.035046955963153
23.174588241410802
23.231601340976205
23.269908736698877
23.27725296649964
23.30393555601416
23.39003465332979
23.43511437302245
23.464104906910894
23.49916263970915
23.533079441257822
23.596615990730005
23.598532717939825
23.73657130530631
23.77190029112348
23.780285158709138
23.7875965758595
23.906971500707378
24.107600240152745
24.150414178672616
24.164743269246234
24.18688325467988
24.201933255068216
24.314614693531052
24.428967161036052
24.472476079216023
24.488257249500993
24.537153959524773
24.561070603945666
24.609284889672608
24.60991668316647
24.72171563929959
24.736295223078205
24.80707527819711
24.91117756792731
24.955954240269495
24.99648310628226
25.086833474970465
25.18336838446275
25.22070775948244
25.366271623583856
25.3805831924224
25.391034685820504
25.417883890484994
25.424552048774597
25.42743750898044
25.465537784522834
25.580622487806416
25.62860807758315
25.628698158196904
25.739417745131462
25.764825955538797
25.815503904469217
25.865657093632475
25.888000366106617
25.950552734520805
26.098415089719786
26.164260863761246
26.175345242309508
26.225573870977023
26.363133699798134
26.41836002853349
26.45417253731148
26.536375681853805
26.673064076285918
26.712836142696137
26.715578830639465
26.749554432961414
26.750361299334752
26.927920779509652
26.954774938910504
27.105188603928703
27.235266381001708
27.353034132558655
27.403224644767555
27.426809344028452
27.541695475150608
27.55469226239553
27.567584728040845
27.57476957569499
27.59827066784527
27.659728420242292
27.69261724376774
27.745290868212585
27.757701766896112
27.841471196674515
27.84973991959904
27.854606810712347
27.903743353895685
28.04265897399604
28.05406737685798
28.070474840184644
28.329085065922147
28.385054908181104
28.428284671583732
28.479800398987553
28.54508828036534
28.55384943745075
28.615138413172765
28.631605578612078
28.748022292727576
28.750243235371943
28.75375359048814
28.960788296246488
28.993518351423134
29.002357282472477
29.047248032871565
29.06494238126225
29.20394446871144
29.230032086793244
29.24511037864704
29.260862763188683
29.40068099508983
29.451002690551054
29.477453198748766
29.495080826791273
29.513796920917606
29.534835767851238
29.554186900262803
29.568476011814333
29.584726826022195
29.647731050506962
29.654595854689525
29.775523476010004
29.87276066696292
29.8791476748338
29.91564777689729
29.921509144290336
30.113681685993473
30.15607159153401
30.28850193925458
30.32938655634883
30.49893065913059
30.51709142478118
30.54829127170454
30.579724498395763
30.586039657070508
30.672865368504326
30.731533813848067
30.767337814061626
30.78551476268408
30.833940750509505
30.879332330491224
30.889293880931174
30.915246118704093
31.01166556413892
31.020631668687557
31.04457348601527
31.05082636581411
31.139000080267916
31.1413539673242
31.158316478400753
31.182439575777604
31.23732227471358
31.25073125893216
31.30292959865245
31.44093640532283
31.54373347429758
31.550788186579645
31.574240183394245
31.581231905258363
31.588778456716632
31.639946945052444
31.656197846886663
31.671916559503053
31.69942605806333
31.711643277348116
31.721183309913105
31.735222428519872
31.803719542184698
31.80486526948954
31.83321693511491
31.833899745205482
31.84685541242046
31.848437158671416
31.907087847216296
31.952668714976795
31.985407790232152
32.05315696889051
32.113441197659746
32.13009069159545
32.13159697606027
32.36633931713308
32.390791936685865
32.40123085206682
32.40518370302387
32.40983564910875
32.4996634495873
32.51064474614374
32.539305000957256
32.54775618122741
32.676231658123
32.751329835079645
32.75134352546371
32.765467923772036
32.77573555871322
32.860458417493696
32.87217457378473
32.90127390712804
32.93950365981864
32.97964982244377
33.01053431797683
33.042191275718906
33.117349536872695
33.18902616829974
33.20740912810206
33.28414054532939
33.32071007209062
33.33770969895097
33.34630789375774
33.37795931746124
33.42898459684546
33.44634794287843
33.49181284238939
33.53767253201237
33.754688663680035
33.8173925500812
33.90639078512054
33.983141246640066
34.028085978426546
34.056237707299424
34.20552426938078
34.34977557033154
34.351928417200185
34.378043393108356
34.39509271817583
34.43049522158445
34.454844564030395
34.49880030151391
34.553998324132216
34.593973992242255
34.605022952107404
34.675506900054074
34.70292934082306
34.75129227098309
34.7669728741486
34.80619851690682
34.85315109212574
34.86794644469857
34.967672929681534
35.08448445636905
35.301835833215556
35.31922000418046
35.349832761220995
35.39987479410153
35.51391357007755
35.700221021460145
35.81946439692465
35.83903431928808
35.90269232498624
35.95014076797339
36.01556901501559
36.020482872004614
36.03219623152708
36.069659965419184
36.08555592684233
36.11061748167133
36.13510174898977
36.19327834713723
36.30574484700057
36.38219873769743
36.38549605045658
36.401174161457604
36.47171419591866
36.60695775480723
36.68956746331871
36.7156773011037
36.737334366533176
36.78654502084516
36.79748911185438
36.806245083687784
36.81132760048717
36.89134111205277
36.915498390029136
36.933348161975275
36.934950294645795
36.99844487033552
37.05393552296798
37.06605510492284
37.12209282211734
37.15557616532072
37.19647683824836
37.221243112360575
37.261635880552156
37.337238586359184
37.371260130348
37.592782318907396
37.61640919713005
37.62466265390409
37.673869082607126
37.76656427154054
37.85489063960525
37.86213239584315
37.89352179281257
37.896033082822655
37.91577427738542
37.93969434472179
37.9613393676663
37.96213208468001
37.993951251240766
38.00499250404278
38.00721795459368
38.028317557094226
38.03681678240462
38.0385088083105
38.04267059513294
38.06544956899132
38.18728566203534
38.24970548681809
38.2651202432474
38.3401113763633
38.453830922427535
38.469278778543426
38.53243812918887
38.55037434262559
38.61987442110706
38.620977605871076
38.63669580089183
38.68126814832249
38.72810240963953
38.905797413502896
38.90594668308397
38.93628888840186
39.022788880539714
39.1869040709706
39.29142362918099
39.447462667049926
39.47512471016744
39.48311580495635
39.60214994392843
39.691610231581166
39.721887208228736
39.75256494870699
39.76012025505994
39.88405891625253
39.91125647791392
39.92185811825373
39.996617385416954
39.99745992035427
40.05229159193781
40.06107964621601
40.0705941928468
40.15379376269403
40.174394939931375
40.20234031465608
40.27220179362332
40.29902302056949
40.303753954868405
40.314059156431234
40.32489982806233
40.32656190476311
40.50669366789651
40.63588917943553
40.6725340160474
40.744409064165666
40.8002812594857
40.837500287157695
40.91701753933484
40.922212570491844
40.94586524471652
40.98686812209217
41.05360512829334
41.06469855283806
41.153213013126425
41.15813144942685
41.17278592147569
41.18662946263936
41.19625306127852
41.31406159559265
41.3688876525156
41.39147768862069
41.62215131521167
41.666594078865565
41.80456028293082
41.8129889044017
41.813854410452976
41.85170250948379
41.90534817786514
41.95404780477583
41.98987784289926
42.00884613072227
42.02249025122957
42.120462706227315
42.2468162211083
42.27208739994864
42.28470434558219
42.31531140797433
42.3274739168013
42.33721831915858
42.3562446597509
42.393080155412825
42.48480537015496
42.493497521226764
42.49786978510118
42.50819075412261
42.57456114080574
42.578990439872655
42.628623942157574
42.646945567944286
42.733091517515106
42.78980679133289
43.03076658852139
43.0661135545987
43.1336755420711
43.15786629519524
43.1875305292205
43.192467415506755
43.22007417737391
43.2711206916444
43.294260920902225
43.3279991644244
43.33370235813215
43.34797139212815
43.34805417112645
43.35180919946689
43.384829169708105
43.42233116310396
43.4788072059978
43.57359268342952
43.6962014460804
43.81782478730792
43.83452158964205
43.87891608199708
44.040564025947276
44.17575871666384
44.25381655200866
44.272500098303055
44.31008364267772
44.32762520502107
44.33077931665549
44.399805346591144
44.44514990482057
44.519960405240475
44.520274657311866
44.53500008183579
44.55651298628214
44.63005495492245
44.79459374946144
44.81719279077585
44.97435398581515
45.01177693105184
45.070731304299855
45.083233396298056
45.13594420299313
45.25337053836136
45.264200550973435
45.30340076111564
45.34014307143752
45.49987030475064
45.504661760567856
45.551193202192174
45.574013076370974
45.587040661786986
45.63801150623982
45.65931747509669
45.66584408478737
45.77026292521202
45.81803411234045
45.91049420474032
45.93137536792787
45.98766071788943
46.01676931907049
46.07764816181057
46.1508031514925
46.27155818873016
46.451244411767675
46.48548656981328
46.61263716224109
46.630568723523815
46.663784375158784
46.664760854628035
46.7393902253662
46.82148945320005
46.90122426107533
46.912245334222945
46.92581111484793
47.044311450388754
47.05857809521346
47.07008516861064
47.09631610903927
47.2341000007908
47.25626564926184
47.260310784231855
47.31441247180126
47.32086634431773
47.4073825847306
47.4988129395847
47.50014504126431
47.51899874537545
47.52172822926771
47.524968798721616
47.55365979717323
47.63634522838918
47.76701714222037
47.929922200321236
48.17031626437622
48.235598564983846
48.27361911469996
48.27376875087747
48.29260121562215
48.42419588378373
48.44295500248525
48.456154650639405
48.46504022925094
48.51257884470468
48.5211054358992
48.52519034215192
48.539873633458576
48.54722662515117
48.61054065889495
48.66223009361842
48.880104933211655
48.91585163521978
49.11748626165272
49.12839469559618
49.13653608726154
49.13678230562116
49.141230936316425
49.14343047408041
49.14622213769039
49.19697464399595
49.26404824817502
