0.01647036007363744
0.13102041917754687
0.1768412490365471
0.22439274633227235
0.22605175291556698
0.43522135691721675
0.49582553902103366
0.5197142026472567
0.5295307723685106
0.5318638735450283
0.5551881051031193
0.5916230902581451
0.6508601317557043
0.6965148069120921
0.8021005515845667
0.8420398998924594
0.9261368997090424
1.050688428944166
1.077776649669139
1.0789005036497625
1.1196175435715001
1.15783476269543
1.1830390677282319
1.1929613444972489
1.1988035398132684
1.2936695995977714
1.30816258515128
1.3804920628973187
1.446871135438693
1.4500223760904962
1.538787405931118
1.5514603829371187
1.589174285886086
1.5928151875958947
1.6589875369723202
1.7086416224035463
1.819307481021723
1.8311154575449298
1.92277370439734
1.9233779682947687
1.9382324004208755
1.965078162211822
2.033901192381429
2.03786444232048
2.044177455655342
2.0960997255350975
2.1080140076010245
2.2387089984427813
2.252817753595666
2.3631333403233996
2.675381490939141
2.6985403250332682
2.7838264569103366
2.8094230853394917
2.8242350571904673
2.880980793413355
2.901123250297418
2.9515486555639208
3.0120291229949285
3.0333355020292494
3.1115837124278016
3.145942636542394
3.1464320098842977
3.1788551518462143
3.362695698217494
3.3717301151594303
3.417709637294425
3.4559267391503075
3.4673810024997653
3.522266249611012
3.622397725006259
3.647727658601398
3.6733621597403565
3.736976842764643
3.757838714960063
3.7604799149771
3.78167954178903
3.820325907192128
3.8542412871442537
3.8552917282513364
3.9235650970737677
3.9511008137060495
4.001966608095047
4.003082921624516
4.109707875260577
4.138840749875553
4.170729987872545
4.205738380714072
4.221516969155726
4.2231264761006155
4.354232942352626
4.357072411128597
4.390829907757327
4.4480267531181825
4.877788342112566
4.940535025338402
4.9562941744255085
4.961777877108989
4.968770541242146
5.041483600631485
5.138428586065807
5.138880846297064
5.208927024607047
5.228317625625487
5.352128139219433
5.400359435992959
5.40884963260303
5.423525491814655
5.443836052048973
5.4934019541029
5.544887914680177
5.583666334792018
5.59750796344983
5.677926185366017
5.6882083516375035
5.694963438342992
5.821964314264352
5.854106531003911
5.854444583994411
5.944217214766598
6.0484124670221115
6.145857065049476
6.181564543298975
6.1902085718082525
6.225475472957462
6.280790818489924
6.369390233105016
6.465804698699138
6.605705470609973
6.838538866105356
6.96323916538128
7.020025432668293
7.029503579235266
7.031752706361871
7.100267167295299
7.138122530360998
7.295281577355739
7.3269735208727305
7.364098733877084
7.456255667806842
7.477418623905081
7.487884509194607
7.543006957515883
7.586045065388137
7.600233133704785
7.618355490721259
7.629168047046882
7.81247928367828
7.830476598058083
7.905669221220634
7.921369548368797
7.974003314312437
7.977567486127705
8.033477359199338
8.063850882498924
8.086844856585333
8.163151799311686
8.203161066534056
8.222544466546942
8.224695286099006
8.24237105398778
8.265853220148964
8.268309196472599
8.269165479561547
8.293005460543602
8.32697655380153
8.37172620105646
8.403846206822157
8.452098739658876
8.468966199764177
8.535276232505176
8.558480999435615
8.576034211293235
8.750516625215479
8.847452308872253
8.851499441269693
8.890920550336485
8.936811421958623
8.938786763964414
8.941811901775612
8.952837805437612
9.024005989694954
9.264730482097226
9.301464344345764
9.324769982827656
9.367147484286429
9.392353219702635
9.451392939834866
9.544136436548555
9.56021455695522
9.634375003288174
9.665902639899805
9.687349486377602
9.788971491035685
9.81991938173925
9.857858163612777
9.961659686973862
10.049346180382399
10.095890739302444
10.110054324325391
10.115785724895488
10.152691640171913
10.2156201696559
10.21743373443227
10.225424554752413
10.228152111908502
10.261568218793295
10.271238741403657
10.272550450620074
10.280362910685048
10.290186541605062
10.302568354826091
10.4042783827937
10.442564847082059
10.466233708946024
10.49588095011256
10.516760436361448
10.539477379595848
10.625207700363482
10.637600766643835
10.662878735527887
10.693821192867974
10.723485788024831
10.77065900652395
10.778565126047724
10.801942312283245
10.886150487252674
10.988922652782104
11.021585948389932
11.128833480017748
11.150834991331832
11.181175004660576
11.18971421459736
11.31416299146559
11.456468410266675
11.571013068121779
11.5876879776929
11.624366511824029
11.68946461500661
11.706227179113187
11.75656412935104
11.809358030652515
11.877345755259942
11.87807362281346
11.88319265960874
11.932876558158696
11.948485100687712
11.992843049871293
12.009218892401046
12.038443658634067
12.0595479381668
12.092211161695444
12.270245354685311
12.291001907986129
12.336453078418156
12.345565302588824
12.394380339223392
12.539069451837978
12.557096616904259
12.559649810653951
12.56957492372344
12.590755524052307
12.81464445699091
12.847662418540486
12.918734831650278
12.921562151585583
12.924566200497498
12.927038466888396
12.931659626723597
12.933794472915729
13.09423409822578
13.103955699473298
13.105570146518508
13.11241650867231
13.228385274775908
13.24831749102158
13.26619402636865
13.313281410689282
13.333097430559379
13.48460745436074
13.501690937166684
13.531762092971057
13.551597484544285
13.558281526819707
13.58755641035518
13.642584336502887
13.780122600405923
13.807966573981657
13.847109039564309
13.87275661534546
13.887940058666215
13.903979922113955
13.90648766457727
13.91274857149506
13.920949136100601
13.924216423847703
13.929767334720719
13.939471123411122
13.963595659778075
13.989521433523102
14.001038696783837
14.011623013147316
14.070920905220385
14.091410604279636
14.091985354104928
14.169274325045063
14.177742880055058
14.26759160976288
14.368934926712289
14.484397310117076
14.502939733098433
14.523817382524776
14.544480652069465
14.629894400498884
14.675439671982087
14.738418405610531
14.825131242635216
14.828344505825624
14.8636479127022
14.88036936983986
14.884089401675062
14.911417442078907
14.998375797613571
15.025280278240212
15.032887543455852
15.060964869368918
15.09985529311668
15.105665831627999
15.253079990791749
15.272571780975547
15.286694079047534
15.333889883685371
15.370155434522717
15.377447716459793
15.427709152997007
15.438103593234255
15.46491530006061
15.484354095543878
15.515958959475503
15.556232493855402
15.579699145132073
15.663154076240852
15.665880194609631
15.675157982063517
15.708780571194751
15.716584042779138
15.735582409182076
15.747363579776449
15.772317760659133
15.8745220275698
15.874707000901092
15.906652767674313
15.955584672015592
15.979347701806606
16.14002010843694
16.162837260851724
16.267374310097075
16.31624548858989
16.33827444356291
16.404990314649215
16.418563244467283
16.484232187127162
16.681611947744848
16.694770883359702
16.706347968571258
16.76426524739644
16.819829524341227
16.837487040283673
16.893605287219163
16.985404761765608
17.053192961061903
17.111213476727958
17.124141028175327
17.219004486310883
17.23519854503494
17.262034052973036
17.36100056451468
17.383110010717576
17.59601642831424
17.667390058170806
17.768492779112968
17.827533265397687
17.849733182157117
17.912820233789702
17.93060939291949
17.952663140663667
17.986475039755756
18.014079601353092
18.085808615936713
18.089803897036315
18.09778290023239
18.117773421836933
18.147223896841318
18.187811164916358
18.213896957750585
18.28638657041367
18.311754953009817
18.327381398242743
18.379851780322777
18.528891914611002
18.53827939836287
18.57279077913821
18.59253627732004
18.593590908945163
18.647246118832435
18.70663245726367
18.748734832734506
18.78694280216837
18.842643116449246
18.964806115350555
18.9816985577376
18.994295632268344
18.995120210200582
19.0750695445044
19.162000000604923
19.45210485118139
19.486957542530437
19.495102514860427
19.76991892872532
19.798283794004885
19.79870292962081
19.804060426936076
19.81468158427341
19.93546034374009
19.9782904830364
20.03521920046479
20.12604213494824
20.143469770864762
20.27280607413594
20.28346609038503
20.438101918552555
20.563068842199183
20.65676467573957
20.66876801801745
20.771501647102124
20.90493758074023
20.926251079721105
20.94703832536105
21.106793425790897
21.296879663925676
21.316058810552974
21.3362315951446
21.389287652804303
21.402163149491823
21.4311114419186
21.511858742935253
21.54513071885861
21.54654448844033
21.57478717922705
21.639464206995466
21.6862009628339
21.722604717455493
21.746916891992875
21.856448848326615
21.87608761341887
21.931253379420678
21.98476611552943
21.997398925940658
22.060272472639728
22.083044658912073
22.10059674201584
22.201273715600454
22.211299217713282
22.27867315775748
22.385500478249355
22.406124914868254
22.4146849184875
22.522131342097904
22.557313540547458
22.607413360921964
22.62557921291653
22.64374484631141
22.692122275028197
22.772086558623496
22.8147366156135
22.84337098562226
22.859081856021266
22.86585446768926
22.87062155667961
22.895295447535382
22.90258261032472
22.956778780512327
22.963454163130468
22.980889717304695
23.025966052401067
23.088303807003786
23.128456040224588
23.134376566010175
23.199001677604777
23.326342738085764
23.350398170688432
23.45340052998539
23.464760744633594
23.466211298975175
23.47870241904778
23.519865091762192
23.531979902789992
23.610664748448666
23.759593064370208
23.786891685078796
23.994005757949928
24.138812417201816
24.167487235724465
24.1693067148217
24.182898990092042
24.225944495765326
24.24159317703317
24.25226004644458
24.32289331761762
24.35074563687983
24.385905375690225
24.38798281906116
24.425723247460148
24.47406619637554
24.519280156226543
24.595154713677704
24.604093029450794
24.636415634865063
24.644204134132643
24.720051149470418
24.752384844413474
24.76860884714378
24.7975894904242
24.88186227547901
24.883865670848238
24.90073312421634
24.910483857461404
24.91262545026811
24.93764787938272
24.945184492158305
25.045628222893342
25.080065052404002
25.086890962362848
25.1407655977214
25.163727309124994
25.16953610888534
25.190559336599435
25.228586829231972
25.26679976900872
25.311408378264623
25.38350746693968
25.397682438287323
25.422128338293245
25.432594904977197
25.45357691375737
25.558673922540557
25.64691766874589
25.6931396778095
25.711137100614714
25.824754021049426
25.84677887443761
25.872744413585984
25.951614605440426
25.954107041998274
25.964394781675185
25.98418675271997
26.00552989488782
26.15757410950212
26.2413811193667
26.25060809820119
26.288818663662315
26.290732403424666
26.319053292102634
26.59303601000629
26.647331754803364
26.78994732241927
26.79153784325925
26.79992021220022
26.919637793788247
26.95566580094368
26.964040202527524
27.077623131487762
27.26420896418402
27.27990268676766
27.31731607591916
27.3188343952637
27.477233934831364
27.641583044785868
27.69736670954444
27.770259134083336
27.814211620771903
27.84682509938262
27.885275390796856
27.96350657567801
27.98414006265155
28.012820962991825
28.036215371599646
28.06141367520898
28.067602911307223
28.094858414538734
28.34161620813599
28.44621068715934
28.45926038819675
28.48051707337759
28.54921571246719
28.568568635995327
28.58117767221337
28.614312507610983
28.61864259785348
28.72573553256258
28.75968310471232
28.785134600250466
28.789629775347368
28.835671428036278
28.87109378802438
28.873050581719767
28.902966046783035
28.945613835984133
28.99166039580101
28.995217616243536
29.002153689811365
29.007869053829015
29.019365534374874
29.061093923698856
29.067850575328773
29.259414670937947
29.285718264053234
29.29932676537684
29.3053671239462
29.32337387599535
29.375019437807012
29.42474143245342
29.46586147453852
29.520267783200953
29.561794447382365
29.574294094794276
29.584604885352565
29.627019502995253
29.68558568149367
29.757596313381995
29.929640913651056
29.93307365461622
29.96324751646644
30.0146034664597
30.05382016122494
30.079843015535108
30.0936862778308
30.150368711976505
30.203544000211078
30.217622590298674
30.270061253256504
30.340955810406776
30.396954198134015
30.471354817104135
30.49755342168214
30.589531560521124
30.60936400940576
30.622896405523836
30.67862204666156
30.849456024817545
30.871733277943683
30.988293596081277
31.01369402642918
31.01867616540416
31.1119702733779
31.11682487591632
31.138478045587338
31.13986366187344
31.180274496554585
31.198139131343513
31.198546159834233
31.30097374833245
31.44497844819735
31.480086106918932
31.505502715118578
31.518542494847992
31.5336471890952
31.55080649102393
31.655420462918087
31.668109083820998
31.75699320880048
31.7901736992655
31.83674241842525
31.86312313282238
31.864021593117695
31.934225389003675
31.963124126497085
31.978998365609858
31.98343504220935
32.01311717345791
32.01425540362546
32.08138851706494
32.166171471786654
32.19504222905065
32.24041723211807
32.494180393427456
32.51832333554335
32.519295044855724
32.53042702521866
32.685319071017084
32.77543122450648
32.778750802244765
32.82158935556305
32.83642184279056
32.864163698615
32.95045020663999
33.01280989073617
33.05580194036412
33.094837875263956
33.24707596911418
33.31622388112884
33.39604665897314
33.40109925454681
33.44349538822551
33.48947294529362
33.489712143991184
33.51724075288071
33.52262098741329
33.5740128829642
33.57998048998901
33.6477213149719
33.70516389926749
33.75073520376442
33.752406422647084
33.843275916412864
33.84396033708383
33.84429142430443
33.97317329583864
33.97573408084201
34.08018065326621
34.259403435912894
34.26186247788488
34.27610631314616
34.32508290154829
34.42828197468018
34.44199202169869
34.47384835979731
34.54038361323085
34.54658968595877
34.63393166869585
34.64643195544032
34.68608373514098
34.76579241158976
34.8210271018664
34.899739954886385
34.92946798562618
35.11908994604099
35.182490272255436
35.19150638468739
35.19386423184475
35.20060826458001
35.203624307151216
35.21323172315736
35.22508147189486
35.227906138587535
35.242047920710874
35.27554359156228
35.38335841242689
35.38382393730493
35.46141418224226
35.50464177792504
35.52435060132678
35.53350703103738
35.57780166973758
35.62741401793896
35.641474215143255
35.679960133426846
35.719318401737674
35.75651508673332
35.863904131936586
35.93163149570436
35.97635630306661
35.98982595302155
36.08826310735052
36.1574034555235
36.17722261970428
36.21469124815214
36.21742336005492
36.230457686292404
36.23413014013807
36.25260536223354
36.29869436808588
36.321628851852736
36.326678198440156
36.401049520191116
36.42978812732056
36.46669485631363
36.46777868974333
36.558860195033624
36.63881077355848
36.664076739807605
36.82225109758069
36.8397464535833
36.88154394474412
36.968104397139896
37.0630035629116
37.11956664850078
37.129520151975875
37.13241423026262
37.14620547799475
37.15067371718821
37.18292800674523
37.192454419326126
37.23820085903368
37.248508801154294
37.26773120591417
37.36439312265949
37.39256917633893
37.40002541447398
37.52261004409612
37.62507888130408
37.69543259677684
37.70846102412932
37.81987154549402
37.884228611613125
37.95136795866358
37.95734704787461
37.960749292553
37.97295734323037
37.983935428509156
38.060196348413065
38.095989727823934
38.106277434842006
38.109462915927445
38.14010885041109
38.151053319028776
38.15150555432062
38.16741498938676
38.17816274907826
38.22096766147647
38.261253276598005
38.31292282374783
38.4377559310536
38.56856924157831
38.59982675232882
38.62496512391294
38.704660544179475
38.89079620656137
38.92200890533083
38.928812763764505
39.0545155365882
39.06668724094455
39.07434897338682
39.08763952027627
39.098230880395626
39.14273753233437
39.22104213523731
39.25072762054275
39.31561412044755
39.3219933250718
39.32764155929542
39.34267436548834
39.443844527933834
39.46390746754552
39.64327511941247
39.6547552778871
39.66865959727762
39.678021407498186
39.714027596336614
39.75287190479427
39.83609174903051
39.94644239772103
39.95267429824662
39.95362086733799
40.02057579810387
40.057115652432444
40.09226702853602
40.195472600755544
40.29384399997579
40.34437604291754
40.36958073815287
40.4217251858312
40.44083891164384
40.4534252246347
40.460972545631634
40.551803194889594
40.70149939157423
40.772854529240135
40.78870451358668
40.82545614766399
40.830756831191934
40.86489457551378
40.873168790175946
40.88930070147851
40.8906286623935
40.89945978917367
40.98149588411445
41.08226740752172
41.096282278219284
41.24426562632506
41.30047240965396
41.310472376974026
41.36167045409948
41.39410435560184
41.42573426264443
41.42800519492738
41.52555334493486
41.5395294153277
41.71574782057119
41.7171374833854
41.77746034002898
41.81171359381801
41.812199487052524
41.830744999415835
41.87038362054637
42.085928238053256
42.15942639508665
42.18551651884305
42.204856576633254
42.22368727935117
42.22580575424356
42.23726519847671
42.29138965044941
42.36312791113131
42.44107088100204
42.79073489093039
42.834894961831104
42.83940961415026
42.874620119511114
42.925981317090496
42.93497910217198
42.993874841121325
43.03048529004605
43.04536680453157
43.05055177912882
43.11424737169758
43.12421528849102
43.12539526006342
43.190328366471135
43.243734748709976
43.253832662463466
43.306484168074995
43.32505353906614
43.33013554088781
43.332875227076926
43.43697590947098
43.48925869600386
43.52059349491509
43.5354913520178
43.56710175999325
43.567271807624586
43.593548974350746
43.62463618780898
43.70046683157458
43.73302006863885
43.74636825789222
43.77248909861752
43.86666935245835
43.90513632479247
43.912516562777085
44.20485123473525
44.2657628205935
44.3567154461534
44.40946205579506
44.43217471468333
44.44085720735063
44.453683526514844
44.458482423626876
44.46807481719542
44.61682218990792
44.66536473952748
44.6731827993027
44.72247280571017
44.7351361716291
44.741472223439686
44.84414741567022
44.880915879372075
44.894065764915204
44.94657554229083
44.9738303615958
45.138401620989974
45.144220944178954
45.21982679462904
45.285344124718044
45.29540614848425
45.3168240920443
45.40251779652965
45.531988242477034
45.55179798522648
45.647048903034126
45.722676284479526
45.76288157448476
45.774702319268926
45.77535090416294
45.80302808291912
45.93879516988682
45.94731585382218
45.97159971077036
46.07681143488624
46.103300500724444
46.24466781227373
46.26744154563867
46.302849695502786
46.33815657268765
46.39139541391521
46.421045152675404
46.42424477124805
46.533831723107234
46.54509901163546
46.55474131680497
46.639063297823114
46.70164430283669
46.70501065805404
46.758799968946406
46.77649686165753
46.79168935063868
46.99045743804533
47.017765213695796
47.08052258709879
47.117217631453755
47.149617224430436
47.156222489187805
47.18474115270842
47.215638176828804
47.21757118213383
47.26983721701007
47.30111232355876
47.36153297405189
47.43154438024147
47.46100475465317
47.52236601293366
47.55090777637963
47.5890186150103
47.61312369439831
47.77858751594121
47.79800555263561
47.878898339246206
47.923393136482154
47.96093412017952
48.04542199844817
48.08069117657169
48.11549487566301
48.18612309946872
48.199418107873164
48.21606446476033
48.27561400636823
48.312118742120944
48.41613494992162
48.4331930688266
48.4445304831202
48.49877929653232
48.538528433619824
48.58101770198818
48.59141167769376
48.63098226750828
48.68363427701971
48.688592125526675
48.71624934288779
48.72875540958379
48.74420246135275
48.76668493091042
48.81736762536734
48.93857943912121
48.974777704351226
48.9885953755208
49.20156964658443
49.22829052259896
49.27797706136536
49.28063557837904
49.29179587572204
49.2974300630884
49.34709201729657
49.35720483111957
49.38268850510707
49.51273265563469
49.78422080796456
49.813702540377726
49.93168678876272
50.055148127020416
50.05622909206268
50.084876267313525
50.09427499208193
50.13626291772787
50.15252711276946
50.16255350156412
50.18995429458895
50.26925018035972
50.312558033601164
50.372430577309416
50.53713136568788
50.56838822658642
50.62642927189744
50.699156340211864
50.724355866715996
50.78301182871799
50.80224601505921
50.86057153665978
50.94987029863644
50.98756314149884
51.074054670196816
51.092810424790265
51.13684987154112
51.142160194169485
51.175173108873274
51.32047603416188
51.44418293196669
51.464371296980936
51.542634465583944
51.58986940229125
51.64431525543743
51.656093492966846
51.721657490730465
51.85955102931623
51.87397303457389
51.906503466519496
51.909330629521754
52.04487596162165
52.06080389371492
52.09762105803183
52.13845266844117
52.191952644451014
52.344351329696636
52.401442427641264
52.43061207142257
52.46453970544882
52.47756212695493
52.48279345359047
52.522149106316384
52.56957159339516
52.66378728397608
52.67095688559973
52.68997900306805
52.71953019390692
52.832454483837815
52.89032577213994
53.169143946895105
53.222729920171545
53.23322758563453
53.2998606451358
53.39470243771573
53.45360498443726
53.45728570247625
53.478436310971226
53.49088647440536
53.51296622782198
53.64889620850573
53.725144450327235
53.80972312284957
53.82499739501303
53.887439078892086
53.909822546717955
53.94333928067094
54.05893850342951
54.05912132632916
54.09597076491434
54.120060612373244
54.162349931053754
54.27782257622169
54.29184037515922
54.354468795120816
54.35656360702828
54.387094956605
54.406030734495424
54.458311323131454
54.50723898517068
54.69179346368653
54.70032395442212
54.721706943288886
54.758868104259335
54.83114890468581
54.8455195653811
54.84649298182364
54.904464660604035
54.94914882873326
55.044857889213894
55.0629485661691
55.18170864054694
55.23598854843651
55.24922150237009
55.497361551277244
55.522475350792284
55.68127851623463
55.73078977686729
55.75627637632386
55.77936035652208
55.828682686438476
55.84815920182386
55.894361058143325
55.96456096534382
55.99572781732707
56.00752903065003
56.02271366027739
56.06330787210508
56.206289285786205
56.22089199425227
56.22467189301806
56.29552312276493
56.357085463208236
56.42344543446346
56.44721732403913
56.50921453694202
56.52968698346395
56.58914948640889
56.60668724443016
56.636303414898904
56.667002555965226
56.67343130319752
56.7593057829417
56.786647833218815
56.88889516491898
56.91251178958387
56.95913245895427
56.987548144124126
57.07112599506228
57.07770923403415
57.09916323741794
57.178504475709694
57.195329857016674
57.23256596907413
57.26688883768989
57.29992868240287
57.30536608354976
57.49655961877668
57.511811055500964
57.51997393652193
57.5312149303545
57.558323351050184
57.63408925022627
57.662459557923576
57.70913442324901
57.73273262067576
57.79810536757799
57.81280381756401
57.851530488745226
57.89324890578402
57.909772579489335
57.99025119477054
58.12228684653961
58.14635646431526
58.15606167083771
58.18213406589605
58.19536790863367
58.230080350398914
58.26159768764906
58.26814028579379
58.306966644966366
58.319700780750296
58.50933662774846
58.54870893138559
58.63666161984273
58.66477448532918
58.678083964758024
58.698757497146644
58.7694136941909
58.78809791410322
58.838924151186156
58.905901002157286
58.93355066709854
58.94413248015319
59.01723299272336
59.19040651452505
59.193237262530616
59.219111775483114
59.33668990431181
59.38621680344334
59.41376369916055
59.43863167487074
59.444612197332106
59.464388860967986
59.46849767299837
59.51391085667398
59.58461116984516
59.67259649451486
59.67632003714642
59.69731080831801
59.70804964948191
59.71888215862435
59.73673648349896
59.81737971227128
59.89569071891828
59.92288938146256
59.933417725342295
59.93934274566215
59.962633157944296
59.9866636277025
60.00861179450677
60.036853963997245
60.06805545306506
60.074594646634196
60.08264165297477
60.0852263448154
60.09183109717159
60.16034616493229
60.284417722394515
60.30716359522905
60.31039237454157
60.32234769022359
60.3806377818221
60.48084385444128
60.497640382092015
60.53632488588987
60.55847650729262
60.616204326271095
60.652856359049096
60.65912442644534
60.68010541527661
60.752230970016036
60.77391835104972
60.804839654658885
60.84132845920729
60.8972950353101
60.90004828428001
60.96144053984768
60.97311271937305
61.18365501316696
61.21281459960805
61.26832149093708
61.3037559791687
61.443263134703
61.44908103620683
61.48916742234797
61.73448069035322
61.80551745998384
61.806883717492966
61.87788752800835
61.91260940391259
61.94182976449535
61.988410221363516
62.02004081341768
62.14354958724281
62.15436268075806
62.17811223027324
62.23183631485613
62.30872302381008
62.353855301493496
62.37367029324594
62.41667801313057
62.46106587497541
62.47500081147455
62.47891917250127
62.607318662328
62.624924671723846
62.65459221409289
62.655802719185594
62.773551864073305
62.80203877373002
62.8757572556529
62.93934770578577
62.96151470888332
62.9702400143997
63.029453049722
63.11976827596365
63.12571542746279
63.20050035231952
63.259444379329665
63.26219761282703
63.27277409825355
63.37691867373788
63.460790078684504
63.495065742170716
63.51679686546465
63.67686696006101
63.68657782775836
63.723877389941336
63.88212362673603
63.88735119006449
63.95473836945035
63.966039196485646
64.00584912090865
64.00701247813933
64.04017028395725
64.08781577292916
64.10075446972257
64.14994214330763
64.15674733397651
64.31492854802613
64.34444356862522
64.39709671073257
64.44478076506077
64.4455098516501
64.4724589191798
64.56842456903158
64.62058542938956
64.77874431701558
64.77989373644184
64.79745234850945
64.8348763079526
64.8710502604084
64.97959186163214
64.99434292049216
64.99478139977042
65.01271679943075
65.12125799008578
65.14274437736604
65.14828951356624
65.20011728808267
65.20587858779746
65.21387721006522
65.22204063012765
65.24453188550922
65.28839803061861
65.32904709089162
65.40540074520933
65.44813813036049
65.51852748878129
65.52800831375959
65.53664619271919
65.54683456108047
65.64957867200032
65.65336045172047
65.65726496229827
65.73219042370239
65.77185890702086
65.95502079297333
65.97855887261917
65.98822768965894
65.98871711995365
65.99648787014284
66.0201769482209
66.03384124187814
66.0463789726156
66.07097381588744
66.07331845733155
66.07818357674223
66.09208658299741
66.10990141947205
66.12341485814699
66.19813456457554
66.20500707300522
66.2345553626598
66.3650456693086
66.3670336157224
66.40152459326714
66.40977666011331
66.49398878369297
66.49657065556423
66.50327312314519
66.50676676525099
66.60727918266163
66.72517631125082
66.7352271063862
66.8954299299004
66.99406033714541
67.03794998471922
67.06968938618228
67.1283892996751
67.13962458923801
67.14686814563106
67.15171323528794
67.17887454315479
67.21403056756171
67.22660031360815
67.22801146605387
67.29133622931076
67.38152243926852
67.39307589216641
67.4847278727428
67.49826899768364
67.50795795248155
67.53435815019223
67.5505649034008
67.56918793130643
67.60322652907354
67.71748208335366
67.76760957204112
67.77849081953283
67.99624646173874
68.02613230494683
68.02799215858923
68.11873954312563
68.11928757811556
68.15435054054548
68.28187491233736
68.35299773879662
68.46822274334178
68.53149043753888
68.53444022838327
68.70886215593983
68.71826069762714
68.73110857700016
68.752386381267
68.8544461535472
68.94580397425847
69.11225312622484
69.14404638411725
69.18695958518846
69.23235030863539
69.25487139432936
69.30554492433454
69.32014898849064
69.32248954500557
69.44963291777619
69.47840278033088
69.50420800097255
69.52632991535963
69.5544337025843
69.6049667645781
69.6641779308067
69.6706928853174
69.85855500602457
69.92802367065904
69.97425594508991
69.9886032752101
69.98932474973255
70.01685262908832
70.10071237673887
70.11361779426976
70.1524802041043
70.18295379802603
70.20807083303917
70.2727836600823
70.40294408538912
70.46964664298737
70.48340630562787
70.59259815294348
70.67265029333424
70.69207124086914
70.69242652477517
70.74111234985436
70.78084448984526
70.82752777894028
70.84602747234237
70.968488996012
71.02760314343584
71.56207529538987
71.5992106872543
71.62438445764549
71.6568289489142
71.7652784058182
71.7707796968144
71.77330888776297
71.88675672702587
71.95549530812738
71.955921992755
71.99101504864892
72.04911089110196
72.08934317973244
72.09322487274544
72.0941838536078
72.24881393394331
72.2590843599202
72.26032037531398
72.28781934445114
72.48136322578944
72.55878204615975
72.57493981937479
72.57837588980784
72.61188395679244
72.63016105091691
72.64881220695717
72.76041251592855
72.79991998586324
72.82356589772559
72.91085314255598
72.91157522874072
72.91906278643442
73.17543195395058
73.1756134951479
73.2503797592124
73.3019490871655
73.36940252549884
73.37685569444157
73.43922031757376
73.46670401216304
73.47342687145277
73.48532322478916
73.48738541938533
73.64490225959919
73.64516164278028
73.69883662484447
73.72167109093024
73.74217517549836
73.81104217855841
73.85543215161137
74.01222405540824
74.07215242341981
74.09315133055858
74.11688104902899
74.1266862096107
74.16817795022253
74.20683190528418
74.32411429196024
74.34927725207949
74.36395460683592
74.42186801139064
74.43298817854998
74.55856362747227
74.57835527663195
74.67156737238166
74.67542267781369
74.69262788064171
74.79655814236479
74.84552465564197
74.90700535032482
74.91609137620685
74.94019924799393
74.96833697825518
75.13066194234406
75.13544328272958
75.19635938518041
75.2052931092536
75.22750416438802
75.23988952288526
75.24731148863732
75.25288802037774
75.30980355195486
75.31309370270775
75.31656565104954
75.3622424680238
75.3955283217598
75.54546470653607
75.61049961360854
75.7553359151203
75.96306257433658
75.98388520889026
76.10342659845416
76.14608128623993
76.19645972140091
76.32874783156323
76.35410311748231
76.53119042714339
76.54704868583677
76.54710576964011
76.54749610518071
76.56743782505812
76.58681456489586
76.61871099667331
76.67942515139217
76.70235055312335
76.81886917885757
76.82563947622262
76.84769635504547
76.86299422764243
76.94227929860735
76.99289931800921
77.03274853300059
77.11282677335284
77.12913069542736
77.25036476385434
77.26031291582316
77.30649978247696
77.32531562192192
77.35601225229625
77.53653917672511
77.66600579944341
77.71538645704959
77.72919883580914
77.73445703544272
77.76124785646145
77.85599622762916
77.86301707513803
77.88358739785116
77.91647892858443
77.96765929144652
78.05034438429654
78.10639859377895
78.13815611394898
78.19923867767419
78.25110461252395
78.39873953926734
78.47872075466678
78.5368382323439
78.54701142724245
78.54872903741676
78.58889325661302
78.67568427553309
78.78429756670629
78.80843935532494
78.91282298694433
79.01917144534939
79.02082844457786
79.13420124106042
79.1557440498635
79.1933036292955
79.30115495115815
79.39829236097692
79.44590409143365
79.47076536617433
79.48175596321224
79.52379725046498
79.6237703754867
79.6303595838292
79.6358036724143
79.75018344435293
79.78102819139696
79.86208310756828
79.91248248281704
79.9842276130692
80.07948897246493
80.23061072487762
80.24237729766128
80.2705490005743
80.29325841174085
80.29838877084403
80.34054981922542
80.45178958440306
80.45421808794552
80.48686752834449
80.61081934306812
80.74891537962614
80.85734117687159
80.93258638371843
80.9935662933081
81.01440564845784
81.06850860400455
81.19472965933919
81.2040424136926
81.21639804760744
81.3307944307553
81.39820749056824
81.42244970834061
81.44837963104699
81.48703271569424
81.50549860791625
81.62908655309045
81.67717039685601
81.68671400413459
81.7000786328545
81.7057320548512
81.7142406052771
81.72927977699203
81.7417873420176
81.77651766749821
81.78349183624277
81.79475779681664
81.92979005925089
82.02078341522113
82.05816114264965
82.13530101072638
82.1566131540641
82.21654571945726
82.2528912077451
82.25967898637931
82.36897603575052
82.38100252338491
82.44512291087833
82.45232276227823
82.45233921835998
82.53401674885154
82.59195888892924
82.68489221628903
82.74164700642186
82.8270799051933
82.92862841292073
82.990118622518
83.03827340984205
83.09999003467583
83.14271184266374
83.14756198905494
83.16671696146878
83.17212115308494
83.22702515292619
83.27026807066792
83.28395503450314
83.30089591259531
83.35021852317716
83.5433704997098
83.57356206011526
83.59336513484139
83.62097153087436
83.6288231855484
83.68350301661525
83.75176264022677
83.75392176528109
83.75586335099041
83.77757637770556
83.83407716382155
84.01354967198075
84.06782375824879
84.09531664285706
84.12994210217528
84.39489501658163
84.39677525369996
84.42155697808643
84.55391379939682
84.57402381411559
84.64904485624042
84.75673652212147
84.78645281380071
84.83285364494475
84.88788620169949
85.02729303264525
85.06862456108071
85.1175985856662
85.13949810978245
85.20536202060799
85.22492426817715
85.23147946169853
85.27563641749435
85.3747506642967
85.42308323417491
85.48578826106402
85.56022511004767
85.60997748213639
85.65745513738759
85.68304891153639
85.69684982467535
85.71156209816392
85.7298891345576
85.78053523241284
85.82450306595355
85.8411096799151
85.8420898682592
85.90199209219269
85.90405766320593
85.92844958401791
86.02141775146693
86.02916766094759
86.11271137719646
86.13627759584857
86.17711821079685
86.21909049171792
86.22615136387428
86.2490804747629
86.30551086664512
86.40219176289861
86.43700307564447
86.47052467469355
86.47345927465271
86.48657895191334
86.57434059631458
86.64033085775617
86.68868743019132
86.73927688006619
86.83134144149791
86.83499191891669
86.87070994281794
86.94084183362328
86.97623022953839
86.99052187682257
87.00952482584538
87.02626133938881
87.06907099754194
87.07070975315206
87.13743915075423
87.16392255236941
87.1808042033019
87.19254830365185
87.24806199081311
87.40210678685679
87.40666367573505
87.4775435126152
87.59608517345536
87.59689231349293
87.60821960581865
87.68678410196341
87.87681253328022
87.88444061280693
87.90383458946528
87.91639751628577
88.06165869315768
88.08719554935168
88.25573807674854
88.30231370606069
88.3244495846464
88.36329486236606
88.38354193415448
88.60945550969915
88.62694951370304
88.62923398740126
88.65430161646933
88.68097640055527
88.708466433197
88.7568401473944
88.79716678592342
88.81789495428387
88.84064182341125
88.85688607133116
88.86207128425613
88.9419868758525
89.15192606103632
89.16355346327447
89.21105122110895
89.25136740428083
89.28236788464586
89.29639347809531
89.3480361239147
89.40313700797556
89.41476961660248
89.58360930439532
89.59575112664176
89.62258307324095
89.66129392783655
89.67306960670761
89.73282575049619
89.83488771255264
89.8406074638631
89.8738980512846
89.94849910669859
89.98424254260117
89.99412820942031
90.02953699444362
90.04801574301864
90.05389999939841
90.06329250849866
90.15963927813972
90.20106637840226
90.23646248924553
90.3603153735343
90.38923750532851
90.49252444513205
90.49284495736192
90.55230450757426
90.74478481439222
90.74749504137397
90.83446596342091
90.83517020684783
90.91367968033853
90.98594096940722
91.06392857901038
91.13574528979389
91.14498264233515
91.24696224213226
91.2708391468431
91.27272939723227
91.41047106763295
91.42233568285187
91.42413917819937
91.44690594279612
91.46441597849989
91.51263542788602
91.54271990770604
91.57981686079138
91.5798650825305
91.61070167360091
91.63881459146138
91.77173282516694
91.85444303129123
91.9751972395992
92.02699189772424
92.04103993578175
92.05746719148306
92.11001460591231
92.14437673316219
92.21084618253471
92.23024663791789
92.24256861922724
92.45147154329197
92.50125226333934
92.60489211223093
92.65066843536033
92.68559111675282
92.83307775363876
92.99044982699508
92.99904734210081
93.00013721300272
93.01969452030697
93.04034113729492
93.13131101145046
93.16795531373486
93.21133265367128
93.22273548300373
93.28086144350512
93.31286437752163
93.48068910222368
93.48180266288719
93.57894715896224
93.67480889319452
93.72437098916572
93.80142745039635
93.966007440042
94.04355605747844
94.09889224839887
94.10187246673642
94.1341147008571
94.2565278785489
94.31976223793595
94.32561379073425
94.36343555134957
94.3960284838542
94.40637795893663
94.41647798259785
94.52538237587501
94.56923451964545
94.60807386121246
94.60988571047855
94.65809781373281
94.69151665306158
94.7380747546768
94.76512983096025
94.89816766207224
94.93683364350927
94.96135380738573
94.97101462758403
95.01082173723664
95.01827116917477
95.25392681309752
95.2663823862264
95.30293481501582
95.30296755938086
95.4023634547449
95.46498470819755
95.46724007354956
95.5730935945191
95.59991286789227
95.77174937102126
95.77518781363256
95.7949359105604
95.82159539443667
95.89082221812001
95.9998500207423
96.0038689529258
96.03988425520308
96.0537567067971
96.16465193969943
96.20388501584809
96.20849010605798
96.24582076159537
96.28776974767872
96.37373870607536
96.40562523489159
96.42952133785941
96.44175720216913
96.4474358846656
96.49963589111296
96.63213398321727
96.63218356152458
96.69482761442643
96.71614103811659
96.73320576439362
