0.02778092413686724
0.05304280738765537
0.1295779733290688
0.17478509560552308
0.20471005875540338
0.2177457247393981
0.2447868627162029
0.28318088516175954
0.2872245771964374
0.30004452294961603
0.3206352957953777
0.32255316259323186
0.3328621196546397
0.3464847806815806
0.3567910223328915
0.36456903242156474
0.377818995422005
0.46945240582442876
0.5140417757362387
0.5170515045079467
0.5177072554461093
0.595630673904813
0.6153399482869025
0.6485547841543362
0.6669113152974803
0.6964631229828682
0.7028316540415733
0.7347882034514454
0.9725843782687753
1.1694715446461028
1.1845759326106324
1.4369623921515162
1.501829978638975
1.506237788085986
1.5155329735027223
1.5171070119991013
1.547350777783104
1.592983764430298
1.7495725027237734
1.769384974314812
1.79236132760579
1.838093048441213
1.854000275956258
1.8942195713813923
1.9441661717459975
2.070032120663783
2.094670295561635
2.117307414271191
2.1825891553336545
2.198097888671973
2.2369576582404362
2.453415550485382
2.4794305933612386
2.5853604256018445
2.592475809672628
2.658937957527075
2.7074670552223754
2.717428546544774
2.7415334292963554
2.7964557420579923
2.829520071516302
2.852037259092029
2.867368889705661
2.9343139609253166
2.9786204033525707
3.0294021807873706
3.0510104784280547
3.164152268289105
3.2507437121743217
3.296767624014338
3.389191228743418
3.3995324641229927
3.461734066197877
3.4750881324992235
3.514108572806832
3.5534652263514035
3.6071719488838996
3.7532240511777677
3.88263303384095
3.8973885780555286
3.96637148122142
3.967997569137124
4.001759288876756
4.032024451691673
4.077961065194503
4.100817725831547
4.105926628472527
4.146519282267667
4.3117287433527025
4.407894759295428
4.421484009343513
4.436193068858119
4.511154834140047
4.540455249046852
4.576393649459266
4.652547210828661
4.716632079138993
4.831338854420852
4.8534150814462045
4.918650061748029
4.929007629495029
4.968715453557462
5.052094306203131
5.097149824861202
5.102116250422365
5.312722769482268
5.3488376159910285
5.389993074214271
5.392259829966009
5.466564851601425
5.553242006377214
5.641205889966163
5.710331817630174
5.803502133301422
5.818833723361584
5.845046963916402
5.8502393682802
5.897945810763129
5.98291797377795
6.0817623186019985
6.133019059954237
6.336538430267954
6.3874397168400066
6.4937740848911485
6.554938681251399
6.559354886964086
6.625330407376828
6.637148808856296
6.751975542620633
6.7707338850933745
6.794824563694261
6.890585662160096
6.899921578343756
6.923248422965011
6.926299435402439
6.996307166058946
7.008263172724838
7.079178265707746
7.20668158765705
7.214724396746028
7.219256567428389
7.355741293303569
7.362153934237778
7.433775583509637
7.440123886270596
7.463305230307024
7.510001016163561
7.521160917484024
7.639374249299475
7.68051312015448
7.689557160481475
7.721311533685541
7.73093972016078
7.765185398342312
7.86132891280377
7.897508118608813
7.9071372397900035
7.960307709212672
7.976584116780209
8.06909033962239
8.096290611913673
8.135974393267555
8.165987517278243
8.226028882829421
8.254356819999673
8.263104954097889
8.26608113077926
8.313309223509354
8.34993383903667
8.357022151104493
8.380802010778416
8.420911407226697
8.425837919644481
8.548058189959365
8.557518095943648
8.589982429975027
8.739672096115722
8.806751497176897
8.875542662101122
8.895811819276654
8.900632039526363
8.922342934107933
9.017884437770457
9.144761863012597
9.217540152051733
9.329624765722874
9.36738822674858
9.370016057909318
9.475606339282765
9.479735716279741
9.508782468679478
9.555592757098788
9.579582827877243
9.685210844935284
9.702269040789767
9.771278553646916
9.788836781937121
9.804162785160765
9.882412576727697
9.965944300463459
10.033204517644897
10.055409961705282
10.117483079444776
10.140322955318807
10.162391486518665
10.202831875893906
10.22198022463001
10.31395351023285
10.375947225095475
10.38877529706735
10.431394476390127
10.461652051805089
10.480217146472137
10.543073985614695
10.603934064055295
10.682220506551575
10.689218212108054
10.693658787472108
10.73057692571708
10.748872568493809
10.756378550742832
10.803980024231148
10.836671098168935
10.882161263801601
10.897288801846024
10.917073044296886
10.917482739805509
11.012215111207627
11.057113210543681
11.15668537659974
11.20052645502149
11.285698581134529
11.351271196472693
11.369209566313422
11.381712626405447
11.405416941357062
11.45099562275677
11.517212217253615
11.575652612426154
11.653884619924348
11.737207600177033
11.812056977425208
11.863217893224867
11.919434127140253
11.963659947039295
12.102359274890574
12.143173682430708
12.19694164215821
12.216636107675185
12.293028654874467
12.418069454096278
12.516769919168242
12.553388912329433
12.581753832614885
12.597673221598047
12.635736168068432
12.65658066158466
12.758200095029224
12.840174748945147
12.845854895811259
12.864425753472037
13.175071334785201
13.214913221074102
13.239209969161186
13.260258920141165
13.31471389066823
13.320928460847213
13.325442149567724
13.353690629247684
13.398609524100168
13.400841742290604
13.53159193869887
13.548105378814187
13.590893970704956
13.62462911661245
13.646526803287031
13.649228044049785
13.687796854447171
13.73973493815289
13.762083910656536
13.816793883323543
13.95172545863202
14.095240951213983
14.099287622590275
14.110226961589213
14.197365127480584
14.223550811743813
14.254562825745765
14.285514910550042
14.309906577442728
14.310530833233562
14.395975615788847
14.441085733813775
14.551738613333825
14.567859623059322
14.725361268052172
14.770916458762608
14.855641744933937
14.917886487537384
14.985559975688815
15.093398830649997
15.183076999870542
15.189006697392722
15.242229214970981
15.31079819616225
15.324376081927433
15.333692553140489
15.345744417667857
15.37968409142075
15.384846677145152
15.412787768225247
15.53850791135669
15.574013968671553
15.604511945386346
15.615173521257425
15.629755951307985
15.690716085562201
15.694696018069427
15.75546322042457
15.760209497038298
15.779459995762245
15.791196839252956
15.806094796996378
15.919832844885626
15.940956295707204
15.973712355552426
16.066053314292503
16.07098333794876
16.086234530238446
16.08681402911894
16.097851324497164
16.10424953029639
16.11514372432289
16.15190471451999
16.197689478804794
16.29851419960186
16.37651185537486
16.440357923130502
16.501183398524343
16.51224019176703
16.532220624968648
16.576352017436538
16.58671309891403
16.595015144926357
16.604494809844116
16.642824742909678
16.745787081959392
16.806824957654428
16.816303514652752
16.843370997853643
16.872791462835107
16.895780963978126
16.917191548183148
16.97216240968386
17.036032319864923
17.1139407551391
17.139449578218446
17.23386058485277
17.274666998028625
17.437791664980114
17.494317747087305
17.573238565916117
17.60891702056522
17.652740766493803
17.66467054916532
17.682657461302103
17.702326924651576
17.764684632899897
17.792492590926287
17.82591192801948
17.849372570231605
17.853780438278626
17.869857748047938
17.89326858558808
18.022388197275152
18.024537091257518
18.059975766008467
18.07104732595871
18.48294782110434
18.558526906651185
18.60446371492252
18.65011887011532
18.877316092549574
18.880967534877964
18.909299343586284
18.929488008627306
18.983653130330662
19.016782785277897
19.048108022325614
19.074953931366988
19.123807815680816
19.156743874180147
19.178349377820698
19.220850291038584
19.24311449116485
19.335582794129785
19.350272952895832
19.384161451368538
19.48991389384991
19.494409482944008
19.524610172206437
19.543583638048535
19.592547599742474
19.613520928218843
19.61932593875915
19.63997192740735
19.741270350419292
19.75137550555063
19.79103228866629
19.846340724694166
19.848335578619402
19.883756397355832
19.91774872780952
19.991818299598716
20.00908580936032
20.037352749237424
20.087555747686125
20.09374974490587
20.135900031713497
20.1492616274895
20.227338105052805
20.228063293797796
20.238338596792648
20.26932824312897
20.27139465154996
20.352023130501294
20.393515354954808
20.440336967666482
20.49467454547965
20.60438046482405
20.635038152773575
20.63631542638261
20.684014533988215
20.728349399466794
20.74613914300861
20.96204191813134
21.118023371082668
21.159862113124348
21.164331971950613
21.18960818072549
21.202229552871916
21.25110388536616
21.298933522166823
21.309751597081767
21.373279336970175
21.37585363764621
21.437076136134472
21.438411801953865
21.44655380569007
21.467071189209204
21.54220959228589
21.548569832439835
21.55092061805551
21.609927172827003
21.64114237398058
21.66462841514701
21.684294279110603
21.693602222305444
21.764266835614645
21.865018663930574
21.920723902189923
21.9374817862399
21.957455148544213
21.971365373727345
22.008203342303805
22.054453705040217
22.07258560668921
22.095993217494524
22.218889983224635
22.344143640022217
22.35753527286183
22.400384747378233
22.52225062706747
22.53369654321385
22.571088523085663
22.644381645727794
22.64866349785617
22.6589967324247
22.689630834794073
22.70748148647031
22.707674757444167
22.718931045072118
22.81003514986892
22.833800417186914
22.901725758147972
22.948687545349223
22.97093766191736
23.05343296719012
23.07200552925727
23.111325572814547
23.130913937120148
23.16301484546453
23.22117657458372
23.234165007581968
23.247738458877475
23.307373303762215
23.348534317126443
23.456768538504797
23.49107343331562
23.507728129427658
23.53252512540695
23.562478961726807
23.59077367459876
23.66925839930632
23.789899585193965
23.803560871528006
23.804971780507408
23.8272248109044
23.930818311585412
23.96922226716955
24.004410807918827
24.00522319616592
24.041553838839402
24.066024779726693
24.109477542325234
24.156075619784787
24.188966554308703
24.19919627312507
24.232702897767574
24.27617555398527
24.348473764843032
24.40897128726834
24.504824554810934
24.534150179822884
24.570741244293924
24.600522614814068
24.720104836033336
24.72867367437647
24.74149714976718
24.81045795804747
24.83071277455427
24.865216669837896
24.89501333831764
24.89867018590682
24.97477987650931
24.98401863861673
25.048622843248264
25.050847018055943
25.06350802059254
25.10508223532712
25.202336310686956
25.273375952552776
25.326959486910233
25.437490464579586
25.438372558845597
25.487089337221708
25.50136899918799
25.50577619070034
25.614244592307692
25.67673173300515
25.689422599680654
25.711082283878003
25.715566942689808
25.743747306095734
25.76171728329731
25.781863257450777
25.850611332813177
25.868066924232192
25.93287206110438
25.93681024665821
25.96429032868173
26.05420139148643
26.08686961136747
26.204439218725618
26.22358756289341
26.24378855443728
26.265454827059326
26.29391909973934
26.306055870523817
26.310873196242426
26.314211508402508
26.335687073544804
26.466964721414637
26.626085539179154
26.659460909282505
26.665118514378307
26.71630410496844
26.835283924035437
26.858602753371155
26.89328509323706
26.93458208162747
26.947954548951582
26.980503749792565
26.989129583971323
27.018907830232312
27.02101582251495
27.09751260321303
27.145300703816474
27.146845677467432
27.161352520966
27.175990821512322
27.21626077148582
27.289422105744773
27.422319823917213
27.445950346636852
27.44795139517702
27.5107985638848
27.518066733441618
27.56216816218336
27.895336695329917
27.901444108075875
27.907009370900298
27.919015714307793
27.927927512283606
27.929913617075382
27.93387532565468
27.973857560033323
27.99409958765627
27.999855301505637
28.12534042104163
28.224757445244702
28.254931491900507
28.28398189776864
28.37827873365937
28.461732992304817
28.5185377294215
28.583229751584557
28.60329359014755
28.624806040654043
28.7847548608035
28.87974789639805
28.883241587631726
28.912470149839912
28.955424745133957
28.984178547380996
28.98798038849046
29.0423014319508
29.086512997693692
29.093533398406194
29.11591730529884
29.117737517770607
29.1251357216678
29.213960919774802
29.300811348678337
29.349835104707246
29.388066701907942
29.421988794597496
29.53715785398743
29.729010972945453
29.753197387287944
29.78456885782273
29.900609250157412
29.903576596331984
30.012188064362654
30.065246454326136
30.07053293026615
30.09010893346441
30.12899307007496
30.145153182265457
30.20510743906914
30.234005570257064
30.285355117064523
30.448549717269387
30.591552562528598
30.65752196527347
30.753726459048597
30.794974745809675
30.81712298289458
30.869375521218295
30.876677857184706
30.87853579907479
31.02574960376253
31.039227425583928
31.060624062956315
31.203450607585275
31.24142476501917
31.25188572509701
31.34032668463332
31.475761938691335
31.512668645766528
31.65642469512467
31.80801195030868
31.89015693884018
32.030808290655166
32.086656506988874
32.176607696066284
32.19363546653152
32.19943385673608
32.225846244169965
32.295086786590865
32.33196254952385
32.344751558735844
32.405186976544876
32.436499030854115
32.60773034175397
32.65556632114569
32.711307973025626
32.805369122493175
32.911778247344984
33.08001864808197
33.14393614303377
33.17593858915631
33.181808606432476
33.251003963942004
33.28446851202372
33.41018530500093
33.42326680806134
33.4427858343982
33.465989587726
33.50950887135233
33.65836161741242
33.687075348099796
33.82331870763558
33.83314235061095
33.83473160226909
33.888508241621714
33.94468154514857
34.02586044923944
34.05482917265234
34.05721363271608
34.06529697566679
34.0708005332955
34.155105611322966
34.16028314520614
34.30109154852106
34.41663686737873
34.449940866316076
34.525334931973646
34.55325195542419
34.582045312716346
34.63930983494628
34.67451927338655
34.67727941007042
34.79083745329872
34.79298415687139
34.92033075262941
34.9316697526488
34.961092383063395
34.98127559236037
34.99258935690289
35.01637298056152
35.06636607277789
35.11290458727208
35.120729140063695
35.24776092987985
35.248823675554036
35.264536954217384
35.33166528009141
35.356344961696294
35.40761671094765
35.413360527452795
35.430169546996
35.46855141157823
35.47540892935384
35.6014845936718
35.648661314465784
35.68024830702373
35.68447679849151
35.70850645627753
35.74611825628173
35.74869396128996
35.814063131990736
35.94051139138088
35.9624878975396
35.976346834197756
36.082400244771335
36.12247657093263
36.12396839963637
36.13269461631595
36.14799245577533
36.25364018965981
36.32547055557793
36.33883779657794
36.556162036996675
36.56954497200062
36.60674604206466
36.610687273487606
36.62469090876412
36.71067787319862
36.77333546394974
36.797260598802666
36.797417909163705
36.801626018404015
36.83277766639618
36.87624453612852
36.92604050532159
36.936125159526334
36.946060167871345
36.96844040257925
37.02683555963972
37.06094007569524
37.146443687451566
37.20421184876953
37.21982038812209
37.27354840557297
37.279343878835874
37.28326930053541
37.356645419459454
37.36659877890535
37.36890030628784
37.524538462082056
37.730147762183115
38.03840052183362
38.17617870005458
38.21602537397944
38.22224854717289
38.30737758428771
38.402808113716695
38.415393429995554
38.416006482527806
38.537609808732455
38.594895286800615
38.60587334178236
38.65058023752046
38.65583945519294
38.735453677159924
38.75181217363116
38.80155740414466
38.92429698347739
38.92715050729812
39.09211142531572
39.1046511254669
39.137369357658926
39.1636991706151
39.22167940626472
39.31324853362674
39.44947536578608
39.46446754057489
39.476701579336364
39.5008564411256
39.53380292714221
39.535344829099145
39.65762315264145
39.717102804332775
39.75060094779963
39.84942429388551
39.86921868167623
39.94460564197616
40.015148728046626
40.10383221024387
40.114932772517385
40.13736812418296
40.218581326579304
40.21943143956951
40.42137914989242
40.43322549516069
40.46880561736112
40.491653506349216
40.56791894352775
40.58003587540472
40.627234123237514
40.64792400776315
40.6533407523382
40.67083572208493
40.76880045673485
40.87888923370621
40.886189952086255
40.8965761003302
41.04857062068666
41.25356732063067
41.284995327931405
41.358278009867064
41.38119595096488
41.3997070448033
41.42558344416154
41.51302280592572
41.58045029943638
41.60970064441392
41.67027518543311
41.801865091207134
41.90438913429956
42.03016860951571
42.120165107481206
42.12306948632571
42.15741931958623
42.237510560075805
42.274411143709095
42.3070361447914
42.32822736851662
42.35034492560204
42.37083075111355
42.404272685294934
42.41697339716185
42.42811177571894
42.44267729173298
42.461032789068334
42.46537403550274
42.49264896527869
42.513509666844165
42.53838782401553
42.60532575805993
42.71974345240861
42.77479423888046
42.77869742360444
42.80918277105125
42.89935642172419
42.93503544737771
43.05973520878344
43.06651447638814
43.0798637456613
43.086080549146196
43.18582048038894
43.284387477010654
43.304150344076525
43.33036161342101
43.46594921625921
43.48036617634235
43.67272521589693
43.75156163126664
43.81179677415055
44.13263136465529
44.19448010936958
44.305195274691044
44.312040051530346
44.36143573637126
44.363070336844885
44.37630979473857
44.394097099052985
44.525949315349244
44.643851746402284
44.76611688049553
44.78188086389389
44.79386419217294
44.87817686572042
44.99069729631946
45.004291848370976
45.05640241556721
45.08194986783246
45.12892993712244
45.136379074324445
45.224775732108355
45.22587341644638
45.29994302927039
45.384202367107925
45.428459895841385
45.46417929561869
45.48001277810969
45.63707309492126
45.64810894367045
45.658973033504445
45.72090048651843
45.86163270457374
45.8711605994704
45.9073659597312
45.91991290150308
45.97948686022219
46.05810726019718
46.13933957264149
46.15480902281412
46.16485537095316
46.167057170359826
46.42004112936146
46.437904979469145
46.538262028161945
46.631377304415125
46.63213173894229
46.64252595495338
46.665679679996835
46.67285098117553
46.70366816969048
46.95818767301848
46.99614462313536
47.02749991061997
47.09517763411667
47.103854102862556
47.11235553663505
47.12792361729876
47.199165059659
47.27027851554001
47.31526299679992
47.32011435211576
47.390795458032855
47.45440609475596
47.46167472284056
47.46893323864026
47.586551692117794
47.59105727640125
47.59258166324387
47.678050892904906
47.78140495837047
47.83819614240424
47.86121749776007
47.87258941626587
47.87947600407409
47.90378257723691
47.97451704348541
48.02860240416457
48.18651916605303
48.256752987218384
48.287407826081
48.37117607742493
48.40194139400495
48.46439324084592
48.548547870972854
48.611405621666016
48.66809340155238
48.69706579046876
48.69832440465411
48.804571717353426
48.92849501171028
48.993019343284615
49.05925507836016
49.065171682951124
49.13922437136389
49.14302637081367
49.16965616142606
49.17541300580973
49.2928433388088
49.297895725675815
49.30928656628748
49.33261644742425
49.403577983815055
49.57604907029796
49.5790280093768
49.70093653070863
49.76359699878192
49.831912656144446
49.855835527016986
49.9551540021975
49.972085490275695
50.01299133739696
50.08872770971527
50.13385866763504
50.14157345097653
50.16089647124242
50.28762470688009
50.34601641914198
50.454013643771994
50.479260075405584
50.492226668206115
50.61950358397717
50.635560315651404
50.64255000179004
50.66415319088506
50.7217941915191
50.72732830913069
50.73888721143019
50.79338836910075
50.84276584756929
50.858333520351124
50.861175051831026
50.86122374796055
50.86144654690827
50.86238321989002
50.88944543166978
50.92884024240635
50.98821812137178
51.01724882238221
51.10075275585304
51.16790133741485
51.20972590195439
51.28218203793461
51.29418781209917
51.302877339369495
51.30805217618597
51.42547713691452
51.42746387315578
51.46700567184737
51.552293710939054
51.62448334150127
51.67603191228597
51.68147072234426
51.73644753177875
51.74187139248685
51.79002817741545
51.82858720697964
51.897683368986314
52.04611482279069
52.09390460439844
52.126968718767046
52.161334860780485
52.2141872732644
52.219607162516816
52.23658476221631
52.25537918151794
52.27366729918913
52.33566774917193
52.35823493130857
52.41603589773529
52.47121067940293
52.53329039761841
52.58885791342429
52.6564180945117
52.67107001289884
52.67335629991095
52.686376105291494
52.762895553391
52.79165556017844
52.8336754029713
52.89713234031995
52.93270136200512
52.965609071877154
52.99113598645742
53.001677996977364
53.0727033454296
53.10275554592717
53.18247187884427
53.20027283050034
53.23773555862547
53.29388925856525
53.40760842319479
53.42912700159392
53.44161563170671
53.45732469926352
53.533622175971104
53.53674949357642
53.54073954225874
53.56640731206115
53.56837158540463
53.597306024186786
53.60180737127241
53.60225323810643
53.881180912002264
53.93388135171411
54.03020552771542
54.050623772352196
54.06343730527935
54.215635919789015
54.386032716471256
54.55020638179873
54.58684403999241
54.64803443136659
54.75086849429365
54.752488680087815
54.89716453289817
54.89879630479682
54.99558616012254
55.03657649168705
55.10463735320725
55.1060038093405
55.126814989421206
55.149174811429766
55.25851922629927
55.26172393428038
55.3815465761447
55.38293169030092
55.3942688938513
55.40946556305212
55.41285803952918
55.415077304643404
55.44016570442955
55.57070208034405
55.77533274174319
55.83587448406076
55.84150314945102
55.8951956826787
55.899542134738454
55.92477148092202
55.938012767700386
56.001821043625235
56.00352791465544
56.09297329485502
56.13401979861271
56.22811666423987
56.256376504682095
56.32669761593084
56.38797273188643
56.40877957244038
56.43762422488087
56.49481399328823
56.61584474342308
56.713360400876894
56.737978547146234
56.76517803752318
56.80232766246212
56.803524212341124
56.876583756301144
56.877530280543816
56.89108399542381
56.97284943021903
57.00866408113167
57.05921306543409
57.06570177058565
57.10636271801341
57.15720390124016
57.191654913153954
57.23714280161792
57.295453148956085
57.39236963986315
57.493428892278125
57.54381277984606
57.644787709437786
57.679988138661415
57.69293359545042
57.904109018114106
57.99312610606414
57.99628219170339
58.0236076270158
58.06191181192496
58.1487968120511
58.20171193250856
58.20266045273042
58.23376704710656
58.241412370468666
58.308790401151796
58.33176360574815
58.336934199315635
58.35139195262818
58.4018033728454
58.44902033261058
58.55000119883164
58.588931346501575
58.730157182461205
58.733991331339574
58.99501439269627
59.02331181853664
59.12580230161946
59.14309735382413
59.26320244823123
59.26656290348693
59.27612653908209
59.288320213174586
59.312967803110084
59.447447746803114
59.464457224659775
59.56254215427245
59.613385327602074
59.68625196052214
59.78754408341655
59.796132217471744
59.89869661413747
59.95727634236296
59.959571931510055
60.00810601330775
60.07342008225762
60.11739421339386
60.1293981040101
60.148330623257884
60.152417529203426
60.16305851853819
60.23002521294653
60.455464117278176
60.48794403235872
60.54529434048595
60.573567367188495
60.57651867460195
60.57821331243167
60.58378405397045
60.654358232913744
60.75031593485061
60.90651560459035
60.99565232388309
61.01364859302037
61.01622331571787
61.027132502156306
61.11365039619645
61.361156164132794
61.38940954956645
61.41086913773973
61.521013992906674
61.63975132104483
61.67300368000496
61.70044576574503
61.71907560038024
61.724904396413976
61.75656099147679
61.82486796128743
62.01559890741053
62.05775433229222
62.11394070219752
62.15297992218644
62.1819248076246
62.191556457398974
62.19293105844519
62.276054540571494
62.308268584335146
62.39284102287363
62.48070842552183
62.540822867468066
62.5463701162842
62.623406635254575
62.70049406508455
62.747266733667225
62.79888634528201
62.9886947118001
62.98984090277862
63.0674168907217
63.086589959891604
63.169969187569706
63.2705115288117
63.29589395429067
63.38564846501325
63.43472663647474
63.493801200350504
63.528629114592036
63.55529018268631
63.61025242368861
63.691116310923846
63.722039736116535
63.803896686290116
63.82796427740751
63.85709192707697
63.902808303572684
63.966174925399365
64.01308778662525
64.14129669736583
64.22035305783758
64.37098740996899
64.42774862665033
64.43129146478805
64.47387254147995
64.63675582730964
64.8795216554469
65.02306989027664
65.08604691226586
65.16886613031744
65.21023635856777
65.22143144741621
65.32584264045906
65.32853951308977
65.43249516832556
65.45777601645693
65.51554915798438
65.54056566392705
65.66787133159895
65.6836992986151
65.77178184596983
65.91620377337163
65.96792638323423
65.96882048721292
65.976492981305
65.99953696805379
66.03506876023373
66.05952253584086
66.06389402540843
66.06758133649399
66.0906545871983
66.12176588581775
66.1693011106131
66.20023094655276
66.27966282869701
66.30284952248188
66.30988551521708
66.38441845123837
66.44334648594929
66.47441780230866
66.48664602532058
66.5018337289008
66.51250618254258
66.59863976767004
66.61711428085647
66.63105794739722
66.6563742767733
66.70509655371943
66.74854301261865
66.87561053256982
66.93497438752469
66.97710516990966
67.01267367187815
67.02710176583489
67.1135872284978
67.13658111658843
67.18353388612458
67.28439006761737
67.32902847872849
67.43528438716457
67.48817614168004
67.53701749101594
67.56364746315053
67.5949759155347
67.61111916182405
67.64460108593521
67.79937269802296
67.82337653013448
67.90036199808907
67.93652840364557
67.95679792408305
67.9904023612283
67.99836282278542
68.04276409739008
68.04556636013773
68.06369715610683
68.094782755196
68.11585237736004
68.12140588095765
68.12838546089391
68.327465238461
68.3313953945179
68.33934301187695
68.35041440137076
68.42537434390977
68.42730738655678
68.44199509579533
68.4439905348831
68.47522886969706
68.47698303594629
68.50153138720376
68.5081993886851
68.70072125275557
68.76763745597285
68.84710170011981
69.0296501047537
69.14532516523333
69.31917592868248
69.32733597121162
69.34348682651313
69.35738551123816
69.36679634218842
69.51195921622059
69.52576981163104
69.52869751315222
69.56337012830957
69.56499088028208
69.57082964477235
69.64171151620413
69.65411821781888
69.69322428015845
69.80073225451738
69.89526902968662
69.93320978138374
69.95255640384266
70.03502568278147
70.06885352065548
70.0865566724044
70.09723617925755
70.25833291856543
70.34251142634423
70.40241387808894
70.47457062056577
70.49367986916221
70.53749645673315
70.60907767042939
70.61446789200447
70.61773169372243
70.67302585855434
70.678972843217
70.7077366280575
70.82079811909186
70.82710821823822
70.88737691648765
70.96381187904113
70.97455082098925
71.03006767726448
71.0501377152704
71.05067423394382
71.05669077567839
71.08248461580604
71.08664115665647
71.13934687521404
71.16259723374506
71.1891611878633
71.32642775829596
71.34110507116348
71.3812998076938
71.38170460795938
71.40870206625962
71.41459943168364
71.42487252727496
71.60638217497637
71.6685770314437
71.76812475100235
71.80363347170845
71.87088577028852
71.95245330375714
71.9831484655782
72.06103842411095
72.1090855388679
72.24650274948245
72.25555844807369
72.29119304519078
72.33091362748702
72.40254273833926
72.4579998272816
72.57767107308756
72.63139372938085
72.81080753587393
72.92184432180052
72.95933911209445
72.98251897765009
72.98682178520151
73.15940490680515
73.18679067443813
73.32970685460222
73.43937172180922
73.44706083217082
73.5061007988619
73.51381381560174
73.54249873106264
73.6050259004533
73.60686530931386
73.65292921824654
73.66036559542506
73.66848521176011
73.80648205418566
73.83511072381621
73.90691131115305
73.92026556087572
73.93121138231947
73.99755249005138
74.05111570855767
74.07765967239713
74.09060019689232
74.09816536514624
74.18790595692148
74.18999893746376
74.21941554499753
74.23249074045809
74.26144693152172
74.28017201505732
74.31218702405434
74.40042729505458
74.40044291546354
74.60090250693023
74.72919705377198
74.74177389200456
74.74793065584873
74.7725978128833
74.79191833185472
74.9693225456379
74.98319097074204
75.13087035871621
75.14910023652853
75.15501999094167
75.17306286683065
75.19314996830813
75.22433665437669
75.2251328320868
75.26956163355409
75.38589129652463
75.44329161404889
75.46777166320507
75.51542322285685
75.52514736174936
75.62354307259629
75.63571097140408
75.82879659730416
75.95689570794549
76.14172530749224
76.15307503498686
76.18283640429446
76.3683917225755
76.4994837117964
76.50828926163662
76.54340417100227
76.57323249714929
76.64311584248496
76.67557696648397
76.7235950109679
76.86663427410707
76.88514026239508
76.90128221166202
76.91399013812092
76.96191811329722
76.96340176208373
76.9683479751821
76.98562808330665
77.01541912518874
77.03941703819724
77.04124694447806
77.10845181446791
77.14031450244222
77.23163936031706
77.36470574988638
77.3810802524651
77.44396450142287
77.49782803920154
77.54957900416834
77.66235864111164
77.74819897228397
77.76526306390289
77.89077345413027
77.91478494556435
77.984093153965
77.99704657894618
78.02095959965975
78.04045055333046
78.05002016780826
78.07361921736343
78.10579715410002
78.12226578174102
78.1637441119025
78.19568299990993
78.27861930410238
78.3660319823944
78.39331651055366
78.45274155594107
78.45743079683078
78.626884193366
78.70534014937331
78.72939572250354
78.83830314464001
78.95660126551682
79.00463618425243
79.01149443766026
79.04846883078963
79.05935709425323
79.06072715108193
79.0933464400524
79.12513127731016
79.14629529505757
79.3332947153945
79.35600879461975
79.4959994409604
79.54529980881476
79.5980395796133
79.67947456862952
79.7496498518562
79.76952902163438
79.86333048856446
80.00866061572314
80.01248854025945
80.07890884334411
80.15205065519396
80.18106194988704
80.31704668933827
80.35714369994518
80.36290594000535
80.48080160861879
80.49241146852297
80.5298605804104
