0.00484143770930303
0.040074389961081376
0.11621167177424283
0.14248811336897346
0.14758094590375123
0.23803965105798874
0.36562440760599313
0.3950102747746651
0.5165635224373023
0.5522930774344905
0.6013275728826729
0.6856561477331522
0.6873561663021022
0.746691777062459
0.82311300535858
0.8644588080104468
0.9447809644465283
1.1022359424516548
1.122572609423272
1.1596284630174087
1.2195710587523232
1.2330833835803676
1.3168857382880512
1.3203721558724961
1.4017618870925974
1.5148408900220138
1.6288000104245537
1.682818014696462
1.6984622704203811
1.8125294210978566
1.8399114565019898
1.841267111965801
1.9136444448115373
1.9207985762350166
1.999764163279597
2.0544319210157203
2.079965868191696
2.091080486648581
2.25207851536656
2.2851409470198005
2.2917019604596667
2.3302038915020113
2.3756894716347277
2.3850837547445374
2.3903263952375515
2.4971810337120393
2.5163080895772385
2.6073100668255598
2.6231764211767916
2.6269464341775377
2.652926132802893
2.7003518477717527
2.7323868349533584
2.733578120279646
2.791858471204117
2.7991426275300437
2.821486551257827
2.8220486784607006
2.8504981849623707
3.0135890447416327
3.0343292575032907
3.0453543898528768
3.04893853419589
3.072222298551864
3.1007087225896073
3.215228757069471
3.22951135224238
3.25556487825788
3.302339265589569
3.9682487895691416
3.9733841079136174
3.9852219151364316
4.027978458421164
4.030065698951017
4.045694740546311
4.081301659426746
4.104989643452782
4.1442217221522055
4.240821400131062
4.249687826162288
4.274009540240706
4.278412319802925
4.283550921752885
4.435662420704873
4.477863107333282
4.48483117514087
4.55167659074802
4.668531775742926
4.755516443791387
4.760036120965823
4.7737329994133475
4.820298691940009
4.83601221208663
4.84004334091016
4.929889595216609
4.93683432216309
4.942954283428554
4.953066211943239
4.955134151629799
5.104253979544233
5.143313105467154
5.253604554015697
5.290750444792341
5.294360083815313
5.3037759885573985
5.464563675880313
5.51940344054867
5.533104441940181
5.535782585623924
5.577350993034443
5.63088520708641
5.700299622940845
5.766256313453056
5.841490079210672
5.848372024478049
5.903434475123866
5.945185904270328
6.0790966201581424
6.122037774372
6.230403207886039
6.24811736876813
6.422099353030489
6.4281266560918
6.45018060631247
6.4555423171044914
6.462809436759614
6.484588662371085
6.491659146961322
6.59284747724247
6.651941776566344
6.958599104956997
6.9647499993501985
6.971128277276224
7.008865546236493
7.1295108905827
7.135536589345833
7.177841051087781
7.186967051669879
7.290291494992167
7.418382664597182
7.426285415397383
7.440134607621845
7.507046502881824
7.5630835242905805
7.563112314498152
7.6180427938319015
7.714462154000244
7.903199000355865
8.132889689702765
8.247717455973378
8.282429550801643
8.288986278734011
8.305730087713759
8.374274033994642
8.461464022304963
8.472866735954025
8.501706810579837
8.534678327131527
8.561814701912198
8.56373866036248
8.708832597250403
8.741646822807006
8.826417957433426
8.910396207305965
9.037600059627454
9.045934315036192
9.068689784311966
9.15150095970294
9.193806210820863
9.273609937233372
9.335668400218374
9.384508412419455
9.397424982099047
9.471433261762986
9.523851193796535
9.564133476550804
9.571278590744239
9.665941652486541
9.780789198086152
9.859232957721222
9.860121853484776
9.948728950422394
9.956387575797548
10.013127149482859
10.014808444700645
10.041185045935029
10.079444563592189
10.223116118020219
10.242257846415361
10.416479638909268
10.427508363750606
10.49236905963506
10.532147653187877
10.584261946583558
10.633019159669658
10.804780179335655
10.827875791146337
10.848395881927175
11.070052606492464
11.105302883792158
11.107170390258698
11.146264985209106
11.172488309838414
11.429800228934875
11.50999189550135
11.550003822107293
11.590695601493442
11.603890615570482
11.706751230873369
11.774051401894607
11.806122187718614
11.88909246057747
11.953799585175329
11.956456881327167
11.987630276769409
12.013024991256746
12.062486826158242
12.222770820897807
12.39244130501869
12.484229314455023
12.530877954931452
12.539554378708786
12.549088612090094
12.556022062587864
12.614125512047698
12.615536520409542
12.901431898368887
12.920147816468958
12.930513221309736
13.056483286171153
13.104245309800538
13.255848297355085
13.430271532303781
13.44607632846955
13.46970193654889
13.506613887223594
13.677092333759424
13.808222909569334
13.84732310602992
13.857467608662061
13.899526888285765
13.919145160875456
14.028623069185349
14.081244476195028
14.087085216734293
14.093845421824014
14.212174381543834
14.251339471814761
14.32640091165452
14.39283724456589
14.39606766711935
14.433227042857308
14.440909045472976
14.497917550197727
14.551191674242204
14.592343736170694
14.696356199874979
14.849778115419372
14.863353375699054
14.891515000051207
15.005733829483875
15.06310988529414
15.088370191465634
15.113387584774383
15.191433338593436
15.198543598740832
15.249270120375275
15.30873775883007
15.318129839790256
15.350564182345789
15.370240506295799
15.42531897703798
15.474165904446066
15.540196763290625
15.57608853701807
15.585865589544541
15.64710184507352
15.650023955378787
15.810053030943877
15.83676097344053
15.929079318301525
15.945294133820255
15.999020049232021
16.090910185216224
16.113168754071012
16.140609195610345
16.247635958761908
16.39563414834059
16.402521103942384
16.454974212507313
16.492950536384225
16.5615705916814
16.5661079440093
16.58360956686177
16.64726279457616
16.69371738858368
16.734871591094016
16.77995071107245
16.9793046958377
16.986049214284197
17.06862380641862
17.145264026183643
17.172139015828034
17.20135984937026
17.206247528097883
17.26733132765126
17.308319077078327
17.328227493354674
17.395531648494245
17.402272203437185
17.444439896468097
17.473941037334132
17.48138570931105
17.49086815822192
17.5021385667191
17.523473633995856
17.72148025888109
17.730788490125033
17.81629720989178
17.819824305293707
17.82633637765037
18.102164389486695
18.10936894944333
18.14079445396691
18.19670374235716
18.264332028277874
18.38122391075784
18.527981285299482
18.674076858451762
18.73934089082248
18.784077788327995
18.8065361929584
18.82157746545259
18.931685650338295
18.951934625327148
18.960164198863787
19.011025812807617
19.05434243629289
19.134633155364988
19.285330761837287
19.32480476179802
19.38548427202298
19.425238431499455
19.536361259710894
19.54346308688271
19.624270776333287
19.656864378961636
19.732184910864582
19.77251565121173
19.799387511377265
19.860355259700924
19.88037446263546
20.04080744220525
20.12302516410658
20.164467366625086
20.167166270196255
20.18724588513867
20.3450411630918
20.45713773498853
20.476350841508633
20.52493268051418
20.648788968316232
20.655425397219897
20.665251202850087
20.750278302108793
20.821488377558957
20.987591014816715
21.017599452596688
21.03355379657711
21.189274819250105
21.2447938516653
21.256293378725633
21.273829324381666
21.28520634842685
21.489583629062597
21.534833324468636
21.550341313631694
21.552748766321887
21.556594954933946
21.5787703881775
21.593967716466395
21.79458144689634
21.830858066251015
21.864804444286857
21.87151975296358
21.965288579727083
22.048198411897303
22.052820791404038
22.11434172313854
22.127727185722353
22.18444451676592
22.203119616486056
22.224297567501104
22.271879131923114
22.304241606851168
22.351926562592173
22.478928202548325
22.544617478987472
22.606105052690523
22.639511767896586
22.692761628152848
22.749472331145597
22.751037475832543
22.854307117292674
22.89497274036353
22.896861204550888
23.057843453792938
23.076101235707057
23.085562525119762
23.128150510767686
23.147534484378838
23.407849783977234
23.453971779086956
23.48364822536931
23.504085524785026
23.589845854825214
23.608393829923273
23.70061328857056
23.720300211704913
23.827654351739767
23.84176056624837
24.052974813357725
24.090094082749527
24.17339057640003
24.2624556079338
24.266888902361988
24.304194361159507
24.327186618513593
24.361412552966346
24.36804227550658
24.37973606857064
24.40012333325369
24.40534178294035
24.44351381921397
24.599269406736873
24.664702894110697
24.67646714089487
24.719543573730252
24.974129749634564
25.098286113097405
25.201751002505326
25.255792672299748
25.290781665435812
25.29780056041748
25.31834782478726
25.409389467135878
25.41936131952505
25.478760829805726
25.48193524483324
25.53977695465324
25.5450480684138
25.597165104043217
25.662384188068696
25.683521655612285
25.72377275715489
25.72775060781517
25.741316493217692
25.79531384330663
25.805232230432974
25.8584823841519
25.948703366374634
26.01242102814416
26.188679754498782
26.275871095032773
26.32548145216927
26.383267611487533
26.391516558693798
26.41931315919109
26.41951578325
26.422102857071955
26.42943461419791
26.457721448064255
26.480215586688026
26.58145518185706
26.59252236609154
26.612639275618612
26.643961980617224
26.68683737182686
26.756970431300978
26.785538245987745
26.80066027387919
26.810843121005945
26.921013447011745
26.92784657365174
26.94805400411591
26.969076812013423
27.01828775708136
27.0573941635964
27.107942922068858
27.177167630364053
27.180528476356738
27.219066518074182
27.350769827283766
27.397970885055805
27.48079750935564
27.488863378256237
27.513186205989957
27.561448297273444
27.571764802764573
27.596413373531735
27.630000152662898
27.843456537510168
27.86883462669419
27.871131191613436
27.919994842688606
27.946419173119097
27.954197810561414
27.96109682591767
27.984823398807084
28.0679587365942
28.103623596071344
28.131964703232004
28.265914554038513
28.32230359893462
28.367541916438782
28.397302875563145
28.399955573577405
28.40690721290636
28.442915874104568
28.59474822713208
28.61989982681743
28.640696180265003
28.66056686639306
28.72267606017431
28.883754543172508
28.884785181640773
28.951022524064122
28.968458183928536
28.971644876200816
28.978007433024583
29.089990724867697
29.15224086477408
29.176928852124668
29.2051613841867
29.294321369297442
29.300089218177675
29.31754889460643
29.36336784436203
29.48943705707649
29.511734461832294
29.647602354618943
29.726676301059587
29.756035515905694
29.79882638641753
29.849959685673106
29.86191131738201
29.895966865308985
29.899800991733628
30.00560058524817
30.015484042035737
30.03037712571019
30.05329701037595
30.072740417022825
30.074808926358585
30.082608423163506
30.17264429776723
30.26476600978644
30.30416222514689
30.382063830740528
30.419074343150566
30.424847780624557
30.446625990709435
30.50374324857169
30.51746400220644
30.627659718219284
30.63841431546044
30.670596347781327
30.68607816224297
30.78067500009089
30.893386061689142
30.94283311338056
30.960739612283117
30.97333360648178
31.04851701439249
31.064844166660706
31.07446251271226
31.07924255062782
31.14198346888159
31.189163887766693
31.2920906215728
31.31169018021596
31.39569531339943
31.400232791600914
31.4598718220482
31.491699840269877
31.49728130216442
31.502592340785913
31.50464106294327
31.541062600577224
31.554497365265757
31.565464347538462
31.569269755460347
31.596738723195163
31.615111552292223
31.62332690649038
31.73845909202197
31.809861062994777
31.873418413351096
31.941193191609436
31.96258424219823
31.978773260673794
31.99598444856178
31.998616880434643
32.07161135582233
32.09589437870266
32.183356922003064
32.22165163521352
32.328108604817714
32.38022560284118
32.4005820198944
32.44678591615056
32.480112811990054
32.51601241333115
32.59259668730338
32.651902384362245
32.756608567498475
32.826325218586184
32.83103290558043
32.85752380527551
32.88103054861206
32.91074180450918
32.97393752924826
32.98064828391098
32.98317976493995
33.05882570007512
33.13648989880002
33.14296945574664
33.27437863680332
33.339582045030426
33.435856929198565
33.52584518774725
33.57406639717691
33.60487893657319
33.69486849237582
33.70852929535867
33.75524327848565
33.776147699811375
33.79086338574753
33.841296903955715
33.84226903903382
33.873232186165005
33.93884439007039
33.947582965387774
33.95540988078884
33.96804055549231
33.97671819550834
34.0276025147727
34.10918401938304
34.265559924253544
34.34528796867361
34.452221688745816
34.488529374890234
34.59314158755346
34.6393112571033
34.64394079621856
34.72381669954176
34.78261867775365
34.805458499775256
34.82372370093868
34.891049968128165
34.99578106047144
35.07291879030531
35.1103806769562
35.16735497040152
35.183348783688125
35.21208966056806
35.21721620584086
35.25138822965272
35.252602871827776
35.29535058207363
35.313194309220314
35.36712315829081
35.40217642612665
35.44326591168422
35.507229570838525
35.58782808957538
35.72290443368685
35.88025684420153
35.88385152025816
35.95835865772709
35.99531139392054
36.067259552471846
36.231414070531144
36.24180127368059
36.25774084923975
36.410981578711464
36.4428544069346
36.58871959707351
36.62790612483577
36.631262650913946
36.66108380359938
36.66917168365266
36.76432140540264
36.76650571568878
36.82781998192691
36.95311758119286
36.99952211441496
37.04182420572104
37.04529148450388
37.08366336000694
37.2267862764395
37.23603970974598
37.295846436131626
37.36857762248215
37.40770674835194
37.46143695491278
37.62438591466208
37.713418208111335
37.72740874525184
37.781653553855115
37.78510229950214
37.84764286061198
37.85690515574054
37.96916150777696
38.10131192457368
38.13133522787012
38.13787600518808
38.139941337929315
38.17504961269473
38.229938575523676
38.30097210238301
38.35626255244181
38.3823216027388
38.42426882184625
38.52542604598127
38.52796786587532
38.57780291982451
38.61836713704843
38.63870197792325
38.65479835247387
38.71683371409688
38.894296600131554
39.04236590472518
39.18369593313447
39.19325690081439
39.22987720083027
39.235879623667884
39.2592358075946
39.29525338053802
39.299954749769114
39.34549870766044
39.373035999307795
39.441646930575544
39.477695019719256
39.48961074283427
39.53418931162059
39.544982611493694
39.651728436359775
39.67631398954698
39.696659622387905
39.70816904373303
39.72798683199886
39.74286558283613
39.85536924878794
39.884314368793675
39.918534887488185
40.132738674386026
40.16481200751392
40.20790726159682
40.233240268516894
40.305420233119975
40.31559489383748
40.489331869708614
40.53653084015987
40.5520267267101
40.55334532729431
40.5845372578492
40.63210293565228
40.6513327419648
40.68817548085567
40.74025855120518
40.766108747705744
40.77223814781818
40.775219367724524
40.807007772870556
40.854310697370266
40.870061071382764
40.91113258321666
40.93326617372022
40.97251408732954
40.97478702034728
41.069833035069784
41.32412712714656
41.37237016307633
41.386731979810925
41.404745771359956
41.53606856449969
41.55882665713183
41.56599099321667
41.789421277837995
41.91106818321829
41.9554391230192
42.1210241720184
42.13109745432265
42.1402879493414
42.14807102549585
42.283881315681036
42.337581527732105
42.34767712454181
42.348071133575715
42.408106972771456
42.456305193059485
42.515136025996675
42.53657548623826
42.53709348062647
42.54078045166997
42.58557868272708
42.72426997872294
42.818033292233274
42.83913938349477
42.894252129306956
42.936478959643615
42.959936470958596
43.00397041977526
43.093080126009085
43.11258916791734
43.18405461501096
43.20677480182968
43.2288169651588
43.24197443300914
43.3343323973689
43.339945554340986
43.351674587732624
43.37144033739036
43.57186104416789
43.598935700706285
43.64829938460956
43.70588370404054
43.73892989758047
43.763132559898104
44.043139214090196
44.07263377339532
44.2060211475345
44.208401812724965
44.2533329711009
44.25640152120666
44.329737553695324
44.34209874016589
44.42501652303958
44.544472215432705
44.59892906937747
44.62649431941024
44.62874631424495
44.64722729006922
44.68002671102018
44.70171233191922
44.71272108343011
44.75822218108793
44.87006900449704
44.92979925290472
44.96971440052876
44.98849689472988
45.05078629095106
45.1488376068236
45.16016753200544
45.262945664573515
45.272740391986225
45.32555707986654
45.33556144094551
45.35339153339717
45.407866069500145
45.43424868931777
45.48085224009645
45.52723759587806
45.528226322752644
45.56728358702835
45.651077500220055
45.678207716348844
45.7022817627022
45.72173642294898
45.75963403751298
45.80855203371435
45.811642594473355
45.81272206509353
45.82889310610844
45.87374211099408
45.8943618964609
45.94000225684846
45.99445042118545
46.09526529268506
46.13442048792648
46.38806394555024
46.39896252055818
46.403612768961864
46.40471659827849
46.407305946855644
46.40849272950971
46.43956381832415
46.56216593297254
46.56750727994757
46.619702322049854
46.66776032456244
46.685328284116544
46.78215592729605
46.963491430638356
46.992966566250985
47.100467193845596
47.155865401454115
47.158304110795825
47.20302555254537
47.22593755007957
47.23699611078763
47.25301286737726
47.29135728527363
47.335076212403536
47.39301246472662
47.40710832062914
47.552374009897335
47.691775121598546
47.72008423312679
47.88788504255809
47.98529035746098
48.022334688396185
48.098775737549644
48.12270017106447
48.159217530643566
48.28867618707189
48.54608256676476
48.55309171653805
48.629979622846975
48.75378375511585
48.768756450894216
48.793707779890475
48.80886979718746
48.86115691608388
48.879952587040925
48.95793642698151
48.96565792465359
48.978271344034546
49.002068909712015
49.09951188274653
49.10089809036262
49.18727038817146
49.33782403656473
49.53545935690546
49.59532791157696
49.69104353743499
49.7298326662502
49.75583714868978
49.784327171547986
49.82756793931727
49.83224120937373
49.83673190542698
49.99691192582187
50.00177692675611
50.048602580986426
50.08923168541368
50.10523664198913
50.122088775991166
50.141374908615056
50.187625439966695
50.25662459157669
50.264849959520426
50.37362221343497
50.414804856149296
50.50480517719186
50.507766045497654
50.5120339075375
50.53733590180462
50.7060049526621
50.80610697555124
50.82216379723785
50.94875603607919
50.983312056782815
50.98494976931486
51.0056466501418
51.07291880807569
51.15161490307826
51.19970765399036
51.31284306552277
51.381477442631414
51.3829646896275
51.38570380759694
51.39118546749114
51.49288548211698
51.55450368480314
51.593602253892314
51.646180143625216
51.65322973742956
51.819943938951326
51.98515112111614
51.99948363521633
52.01415027334424
52.01734149638387
52.02582524255264
52.02676575635209
52.05217485152914
52.14577919051353
52.21943331729259
52.2489417895725
52.24970829532229
52.3002386588742
52.3247899552282
52.346748060855745
52.397017539609394
52.42834803820468
52.540838755440895
52.554939372709406
52.62160706012525
52.63357268466241
52.6524503651089
52.69250119674236
52.70805346699107
52.71572962061969
52.740375807067565
52.74055053478807
52.766746203972026
52.809044792238026
52.90110892535285
52.91879765755585
52.99458330392886
53.00339374540059
53.05070912761325
53.0567262230755
53.10645221044459
53.168537335536534
53.23716801120012
53.23720426719798
53.30606606281789
53.35454376957814
53.395450887402205
53.39934765614079
53.45110272900073
53.62972525951345
53.65872752697965
53.72171746405305
53.73626560986454
53.801670153099586
53.947613110194794
54.02083234841281
54.077532986728144
54.193780701374166
54.33806485485413
54.37960773211622
54.413512223016255
54.48277418236181
54.5182811547063
54.55608703793872
54.77860812592772
54.7834505026869
54.829452876268675
55.0351491164374
55.04350975582288
55.07463318802624
55.09508944313617
55.10328914038059
55.130219743713475
55.20238744424432
55.31863077635105
55.330081535751766
55.366930923200876
55.40464731525116
55.45043225871694
55.482564828795695
55.49284995974525
55.541949100003286
55.7648339297279
55.99323387959551
56.049666671795954
56.09800709767791
56.107360990359055
56.19918527541815
56.238501061442456
56.325128467147316
56.336806183966935
56.3486604230749
56.376308818095204
56.43609406892714
56.56575396877963
56.586121835599144
56.6357902467646
56.64257483265071
56.65571784860852
56.701439294148464
56.72676836758801
56.76561309496275
56.78204808974104
56.96795423210784
57.05223965700348
57.14859904494391
57.17022395209488
57.19276965211789
57.19472307530877
57.33113194148554
57.47065233317184
57.51069425107479
57.520049462449144
57.59025288276093
57.60338609145819
57.716084161481916
57.75314931246071
57.77480583530399
57.777783196167626
57.91001569606011
57.9201050903677
57.947771069534305
57.99263498384347
58.04374670640108
58.08988941716245
58.1472970646973
58.15067636273804
58.24024502301891
58.25400914473183
58.26988237614924
58.311427663734925
58.60695334393249
58.61641073117023
58.61968959604079
58.71559838345566
58.71937422505713
58.73212747951573
58.80176342239805
58.811989067765644
58.90730227957128
58.954561466598776
58.96869050070902
58.976617406129904
58.98150973994986
59.24396827815258
59.254552808424236
59.26867224153052
59.313333373083424
59.43223085049584
59.48304762404381
59.51712554381278
59.528696939622314
59.58564934308776
59.627496733486616
59.65368587658212
59.65658156447136
59.65745927562241
59.707184473356605
59.7323016314298
59.73861849180131
59.99854509962733
60.03837124821615
60.04287685330914
60.055293242362424
60.27747356735135
60.29749919407573
60.32175882183633
60.42999455979298
60.507136826239474
60.71174183739426
60.74200734544573
60.82147122344505
60.82661568891306
60.82717716557422
60.83389819568475
60.83422258655885
60.873862864816765
60.9152619316146
60.936514617209575
61.00003632532417
61.0346674879502
61.117619061345685
61.1271898337325
61.17994469736211
61.19430433301225
61.197015890694246
61.23782545708491
61.25700645788796
61.38843263116157
61.39782429832147
61.419678315599015
61.45990344226936
61.46144900950662
61.46823763054809
61.500603654722376
61.52067173728051
61.538677924287335
61.56850654293948
61.649269670435636
61.67112540547247
61.671480992530775
61.686007479762495
61.724942626822944
61.76733892910309
61.79063148949704
61.80600161529146
61.83252021412664
61.83834606207728
61.85274439861936
61.98237667550428
61.98455732369328
61.99258617935304
61.99470212008029
62.01526016060746
62.02844609335411
62.12005105830825
62.12718706855818
62.17891717437021
62.24412858374812
62.256786804698976
62.26921206730407
62.44403446767448
62.44895267487352
62.45101025271177
62.47033552705901
62.47289724198433
62.673921536384434
62.680950334440716
62.70210325989764
62.709585017518314
62.74941697440724
62.762661842838114
62.79794357504454
62.909268840763296
62.99962994728275
63.00403822147036
63.03108475990474
63.11879780118157
63.12838756822192
63.14294544164609
63.17475636132762
63.297734649575254
63.37465634115053
63.37971842309229
63.46598199395539
63.497598067211214
63.57290870192671
63.579927127573455
63.5958622036378
63.639796809888885
63.741505892443115
63.75088888003039
63.76319287533301
63.812041019537894
63.86116726295869
63.86448469854194
63.906933924462244
64.07560791168477
64.11941289287199
64.12074765365931
64.14324896550798
64.14917521812025
64.20739055421969
64.29758082509055
64.36865170638004
64.48924483498848
64.50222322080681
64.54372203279837
64.56297430904762
64.68187595624177
64.77486318889649
64.79738343457231
64.91903429270117
65.00719410439741
65.03944297552704
65.112276004749
65.13239128771028
65.1604417764226
65.25739218935435
65.3500717859317
65.37778025885252
65.41138165774171
65.41497884576695
65.42145824319935
65.43100711329232
65.45359540699118
65.49165610489734
65.50995895714357
65.57544331332736
65.58503428404545
65.58800315378578
65.59570687257309
65.60852584089385
65.66569976779321
65.83589429521695
65.98990111548844
66.05662473623231
66.06069397844196
66.078766764239
66.07992128103571
66.10091862953007
66.1285963033467
66.13322658892221
66.26851819730493
66.26951897413976
66.274623511651
66.34004340959841
66.34216206706388
66.3504368327307
66.42612164327922
66.42937629189643
66.44369025870053
66.47919054390479
66.49096825424127
66.54353130524247
66.5447606752687
66.66912655640213
66.67574962205366
66.71392388108707
66.71644150313047
66.7179711891033
66.79472048146047
66.82821898130682
66.85232588501142
66.86326739046203
66.94578125295939
67.0568956902736
67.07871828080712
67.08915078890071
67.12067837874757
67.12783075612445
67.17905201439645
67.32738373184715
67.37720021585798
67.41900736655028
67.45603299910069
67.5883014979942
67.60301305149113
67.6557940259359
67.67511018220499
67.82397216109571
67.86335389758356
67.87193954188393
67.9227368516169
67.9592153137631
68.13410553199779
68.17721870188305
68.17896603581437
68.19429185877277
68.28008748092982
68.30277663451912
68.33728693169599
68.39565189680789
68.42395493443752
68.44260234038994
68.48608442076416
68.49241677041427
68.62687648354375
68.64677859224604
68.69817615747664
68.70856676019274
68.75036704887314
69.00556721999033
69.03098185332851
69.04670249258523
69.0730428373761
69.18417077797328
69.19518614064289
69.21373257569519
69.33340366221697
69.37639221186846
69.40680130786528
69.53721590840841
69.6037475029712
69.65357347616872
69.68015646510749
69.71973728619943
69.72058890308212
69.75266156269477
69.8642604155764
69.89554572188585
69.93200418811242
69.9326983593768
69.98133964613594
70.09005319482954
70.14615901791234
70.23072171993417
70.24340681281757
70.26421503883951
70.28582164005904
70.3040470659223
70.36533862435718
70.5265729545002
70.60199250428595
70.65097077837726
70.65158972980868
70.71778866694233
70.74345694510521
70.74517968032777
70.78980398106525
70.87373257670708
70.9401228529834
70.97849188943489
71.052219093112
71.12219134553449
71.13997257454368
71.14537937372127
71.22080687058373
71.25817688018884
71.28564694153032
71.33188025541166
71.34969567376336
71.41015974845277
71.4570289498387
71.50057884312169
71.50296800260121
71.51971064594736
71.5555805850263
71.66080787930751
71.73925701855114
71.91688396981085
71.92357158517531
71.9931157820425
72.04941605437678
72.06792215169804
72.06844651726527
72.0713637024848
72.10373298738469
72.22989617632793
72.42860378852441
72.46685558431516
72.48728426589626
72.4969044927519
72.59149689363709
72.6065557171062
72.60844668571052
72.75995004350608
72.92748377564017
72.94075793812338
72.9464508992043
72.95253464522915
72.9829667821921
73.02912216611014
73.06054253573649
73.0706848624839
73.07812282588206
73.21041171031627
73.32330808909408
73.34284577991603
73.40510459111843
73.44090265151182
73.448711184337
73.48485286864688
73.51400155006084
73.52140437264573
73.54091419304413
73.55393388062348
73.62245279850994
73.8740160409927
73.87740361749543
73.88671323285268
73.90778765488123
73.9251335439698
74.01253899605895
74.05164702667501
74.0837531558271
74.11877755430147
74.12270716356178
74.19057918458189
74.22245516953105
74.22279676010497
74.3064181490548
74.31831985157672
74.42903060613752
74.45418993333381
74.47328510187755
74.50300150376553
74.50741770523966
74.52607833974892
74.55117382950539
74.57748420061104
74.85152674730983
74.87478979524316
74.9925082299385
74.99593409892564
74.99977100552495
75.04509387146472
75.07199157558907
75.29048103464955
75.42282794041003
75.43343408627827
75.53331883609542
75.57093722678255
75.61043605509991
75.61397507523408
75.67647051535614
75.6896088220323
75.71516165284913
75.7703177478125
75.83563120147139
75.987029267939
76.03465481640706
76.05058960752933
76.08713043537026
76.13298476312285
76.18691677173413
76.27507217868227
76.36879109204115
76.4189276851759
76.46800300639293
76.47509136936286
76.5091711950364
76.51400522556887
76.5757901362222
76.79169852946875
76.85710304350881
76.92592592770804
76.97084562831841
76.97887988554288
77.01520733909038
77.02016426426843
77.18228086497179
77.1967574973451
77.24301000414616
77.32001387664911
77.4301661865419
77.46970779091788
77.4992624321662
77.51398689273098
77.52717360368109
77.60024169260458
77.73765662406691
77.78140902103185
77.81889818344355
77.83438236384556
77.87502583314168
77.9817889570497
78.12925405195588
78.13717477728177
78.29219419883181
78.29604811517105
78.39008755470424
78.39149345841535
78.49951951107586
78.58167013611585
78.59167404509155
78.63977244530956
78.68761565760525
78.68993595804619
78.69055311732514
78.7601596828346
78.76210519524876
78.79391460820595
78.81844178915817
78.88001678343586
78.98088036384082
79.02055408263632
79.09078146980254
79.10380821701517
79.10556188052871
79.16969723231273
79.17559477805888
79.23107038697661
79.2460715729408
79.3500620884915
79.36492612838771
79.38736100354826
79.4041324507014
79.45913612520637
79.4591658697796
79.47380201445773
79.48571791100682
79.50979284907898
79.51710830218697
79.58857476273005
79.62561077862314
79.67559028766561
79.76537401454816
79.80035995355225
79.81951919628948
79.84295357298979
79.94915046744818
79.95234352370024
79.95717381559955
80.01189268323327
80.04746042045022
80.06103097374516
80.120496165861
80.20441898333819
80.23299477641201
80.28582487004982
80.34897675135284
80.39026260775046
80.47378970876775
80.47486576325848
80.54355291755759
80.60569310788296
80.6116429629608
80.72398732052362
80.73737301473801
80.78085033124948
80.80942495378756
80.93137615191246
80.9698471572843
80.9921985537064
81.08086411592814
81.10010817114973
81.1691095636277
81.19508308672566
81.24969013813548
81.29954955090084
81.31188308121345
81.36244862702166
81.37945161643808
81.40544581947343
81.40828598073007
81.47518589208919
81.49676278978502
81.50950041777986
81.52322588101421
81.53892138519073
81.56798806823895
81.5712720554139
81.59316520802041
81.61788404274652
81.62619289379172
