0.001335099455844529
0.07684469675403682
0.11909875268469469
0.12319385260952571
0.32615511779562045
0.39653410806477174
0.40386919048788406
0.500476591241313
0.5014730493691429
0.5783132540475375
0.6668047413863016
0.6807422482371526
0.6949854380633621
0.7437188728881388
0.7689101152186498
0.7744594471420605
0.7878307284229927
0.865607777818869
0.9193306631749667
0.9410527238511602
0.9514072506503811
1.0030122756390927
1.0300509951469037
1.0813341040625069
1.1472309784674928
1.1824247501146872
1.183807632112817
1.266821776942347
1.330458471236172
1.3894236055043443
1.4121441426234607
1.4396771749423969
1.461649927634796
1.5768018751266544
1.6152750846375326
1.7578026014901527
1.8455015152958265
1.9975032764473863
2.013345519765426
2.018425316109596
2.028417259046802
2.069855493420206
2.07030669193918
2.0786005905205602
2.1865293937905834
2.3581937831374784
2.422584954189049
2.4425692136028756
2.444723852619413
2.4606442328209335
2.557794874169168
2.5962864423027328
2.701203178472416
2.7130515037194236
2.7961984542577816
2.9070431555563774
2.944949559591499
2.955753678675015
3.0508015509909194
3.1444227348630127
3.1576893910945967
3.3010197260880716
3.3163204500814816
3.390715154856894
3.6264739452431503
3.6563309578221608
3.6657239846737455
3.676359595398883
3.699826889175223
3.8793214898712067
3.8832425483379684
3.891090411527722
3.997903838861484
4.033637511544947
4.046883004320531
4.064479776119315
4.295995048644232
4.332205851164027
4.400874904420322
4.521387067010697
4.548079462900658
4.569008261729424
4.609431205650724
4.633107131911449
4.634484150666179
4.666717419717182
4.7418895207111005
4.749613152360851
4.888507654569334
4.889882776312416
4.927198455226256
5.000371835111565
5.17253527717785
5.191885944547869
5.215789596181049
5.227150123483192
5.263411996190173
5.269385150066191
5.27207442601699
5.273180205236612
5.286554205198919
5.37417696395398
5.3856716947944845
5.446582818791291
5.480396827368747
5.597967565694192
5.608317975348003
5.615543126523164
5.643060550061098
5.810877480496421
5.830461012681117
5.846271037326231
5.972360357546917
6.097956883976774
6.115930230604393
6.289828002051714
6.316147769870081
6.392980347048985
6.469243198432426
6.625133453497169
6.7869591135330545
6.807307133901114
6.941451024187396
7.036843968182182
7.125388453239347
7.132801952359059
7.150045461659644
7.188992209162317
7.1913843988892525
7.2041103298715345
7.261843205048966
7.2948519420560505
7.326683224911683
7.33618764908772
7.344017157516152
7.385259097854486
7.387564154993617
7.39340315481031
7.400225632850787
7.467128382255478
7.477395665564789
7.485429403642386
7.684372356609407
7.6914641004271305
7.763250148121244
7.764732949595372
7.7766373343341915
7.7906711370806665
7.8290753175523795
7.9131998144671885
8.025744950855795
8.128269659376306
8.199676167930665
8.228346677379612
8.274162777438686
8.300435595026697
8.406111762649001
8.4254154669917
8.42726333477596
8.434170154814785
8.43659474751646
8.500397271232066
8.501570870027443
8.647515466847405
8.739964127330884
8.753286303165616
8.766500057626876
8.795352026278534
8.815813773619483
8.831748454757953
8.834729574680411
8.943745942788262
9.01306979474912
9.01960323828839
9.09448613539667
9.108041784583017
9.227733188622244
9.235509508886542
9.254329799071476
9.303021119303386
9.408734902917256
9.435130864076406
9.48620560807565
9.579313662467559
9.662156842341332
9.719216154334447
9.752066747690348
9.916378938423552
9.917541798484713
9.921772986586513
10.008644996193203
10.058411843197408
10.09606208716079
10.205231127069778
10.221784289930774
10.233969951245212
10.255391564128338
10.281463741010189
10.338161668201229
10.35198685867643
10.45081101499471
10.485419876337014
10.501612423995338
10.511349953441142
10.528301189263265
10.577964604469885
10.762615242532044
10.796059073474643
10.828179614718627
10.861021646989485
10.919475830669764
10.989841353049036
11.000519189840562
11.058048709744854
11.067862064260947
11.101571214084027
11.118695834907015
11.227463634089974
11.241112021045621
11.28982855150291
11.332785001588563
11.363555032954196
11.392167717887506
11.413313643681603
11.433487341798457
11.442093887092714
11.667445909116392
11.73639729644473
11.748868997456798
11.787687438220148
11.877735491683906
11.891849682722084
11.897920248195762
11.906109815088088
12.067121875113461
12.172222406240301
12.182717746030825
12.265540352950639
12.346804953809988
12.369705540261382
12.511571773679185
12.512144173811814
12.545463256074875
12.574233312951966
12.591166862739682
12.639872433484031
12.64073803189991
12.671073720932743
12.80332632655587
12.810464216082169
12.84787997795922
12.852098591303456
12.868916190655481
12.883422088266867
12.964844170116631
13.004165313496255
13.029159215912257
13.106021896912335
13.123025156600782
13.124358356411722
13.131644435430497
13.190810281012915
13.273061302603477
13.367356007152852
13.378145871031077
13.501504737712965
13.56878188387764
13.654566715288642
13.719104200970818
13.77339029149542
13.798342676005412
13.85420147574759
13.897693946138972
14.065556789961633
14.111531454486332
14.268440399838253
14.275914720606785
14.31717755955782
14.348323193133105
14.373595901503219
14.391237853110567
14.419097889672976
14.583075388809242
14.588651694803074
14.631421901862481
14.667034308787565
14.695398374766574
14.763313401350732
14.843438454530167
14.902872120395234
14.99570779324671
15.022208450673984
15.06540427868642
15.11260755537013
15.205690966712288
15.285188218944938
15.326797705807307
15.345054276298093
15.356218706189994
15.404327459730105
15.417763992122453
15.461899733813466
15.521911603618012
15.528453555369573
15.771819614434042
15.774013451255582
15.817988089049535
15.830907664676074
15.871697314244658
15.876546800624086
15.905352851260467
15.909687838295655
15.911647723154546
15.986778327087853
15.991990019513027
15.99978324337055
16.00345873427829
16.122946251763974
16.130365663192556
16.19664574242834
16.224965185499435
16.24933041320291
16.3147830315508
16.31706957843622
16.32157376771084
16.34632022687617
16.35319728228178
16.360149624027976
16.380090350974314
16.42153698489105
16.47188067558662
16.547665619847457
16.550590145409238
16.607278931164767
16.670416742489575
16.71378086731219
16.789012526741747
16.795938017806442
16.81369705758736
16.873347538336912
16.955605725298554
17.168226525411903
17.169808542439046
17.216060928179548
17.219165778986355
17.232588739458777
17.261363553981404
17.312634867789715
17.380289100374743
17.40949909232301
17.445216443895962
17.472514858601357
17.507444105591393
17.53183459997343
17.630190586942405
17.67894985859928
17.684442405546747
17.709934179647217
17.714514236625988
17.745550605548814
17.798013974586482
18.098878133189785
18.112323285827767
18.12100042033308
18.122198643118125
18.151843279921138
18.168240940466823
18.176501092782626
18.21380595671921
18.27281376314491
18.315473186589358
18.438778838214155
18.468729998656308
18.51511201795978
18.547274677885646
18.602453647910437
18.77983398476829
18.832366719728313
18.84379808254591
19.128434866348563
19.128962739371193
19.15175977254863
19.1856583074416
19.193706684013268
19.21182896400112
19.225280054499834
19.243273770007132
19.245874849670898
19.267667008679382
19.352688224521636
19.411764710061565
19.42401288148649
19.47279467168647
19.545335651469927
19.61238358488212
19.626059298598623
19.660284413581735
19.708591629770574
19.834480077293353
19.87649129185705
19.9837490690062
20.00878750012277
20.059939798313895
20.070119207520413
20.128141253294494
20.15619698387455
20.156475675676578
20.156719737536125
20.189338254441235
20.191178059129008
20.19842224449106
20.212147190231562
20.259538252511422
20.297312491489855
20.30511936470809
20.332621562717666
20.38157053298913
20.38159019482341
20.43010227445727
20.44436613333641
20.567002209521178
20.5962015561608
20.596517326316437
20.64736565627183
20.817991327715227
20.82296637398426
20.836117650038016
21.102694199424654
21.110825753616687
21.176424185244542
21.19468815774198
21.29243176256939
21.352096764194638
21.42314653159408
21.53641615916535
21.672461088921256
21.68426973785889
21.819232893207825
21.866107810324504
21.880685773047784
21.883965168028446
21.892529732471917
21.899796774136266
22.041929439824642
22.072833412852596
22.144248065894022
22.38943436257786
22.425536142057336
22.4410216621085
22.464438350199877
22.55955112355376
22.59328252153977
22.62402819335208
22.786761190608797
22.836290073891647
22.97191367438189
23.03310223231688
23.044588414922725
23.19356602839572
23.272535130003725
23.283716986066306
23.322796503871306
23.324168900009237
23.37370966566637
23.45230016549826
23.46074526085469
23.60357265640466
23.633941830088393
23.648960976037912
23.707999403450223
23.755800816375764
23.77267904493123
23.815447584210855
23.816793212323542
23.82238713689786
23.82790323944058
23.829402841814005
23.85789521927072
23.86270558954459
23.91397528779266
23.93410223137368
23.934836176732677
23.96445704118815
24.067607795534144
24.074178708095552
24.229509927925086
24.3190869640814
24.456951951239123
24.504539807050914
24.60561783770969
24.61587163677114
24.630319903230106
24.805195490855578
24.9279620749883
24.965633368193775
24.984330405839945
25.024433197496535
25.049669462722573
25.155380828515433
25.15855142083391
25.173263557710044
25.233658420948476
25.28335753913777
25.32820250230856
25.40349541273062
25.43386845558018
25.522992471209918
25.555466794751982
25.559896785404288
25.602949125327957
25.632833741542036
25.75656159936804
25.809874849191402
25.819895895990467
25.892278085063143
25.90968367787784
25.92295130215805
25.960004709492164
26.11137519413913
26.114782598772607
26.17510256949793
26.193751181770875
26.297626147624076
26.315527459641185
26.3231338512228
26.35289363641339
26.506329056405995
26.68903957485101
26.69006198277808
26.741763471350975
27.04010276753375
27.047414020529565
27.060817056739427
27.079966463304167
27.140908746073773
27.144811874097513
27.145900195351246
27.149361775424502
27.18605461325089
27.198321780392035
27.30125591308585
27.354668532290074
27.48300323425359
27.492963368750903
27.660565314547796
27.68323559672343
27.7359062326948
27.78657234558415
27.81943047325129
27.88318938126206
27.889721811830242
27.89304399710344
27.908768105009703
27.944602086425558
27.958675720003146
28.009630129491565
28.024133598005875
28.09242458608718
28.155168224186035
28.222790972074563
28.242235071634802
28.38838830966664
28.391123958513667
28.400950830735354
28.416647930623625
28.42991918080911
28.468179441442867
28.689820194023834
28.779071731928706
28.810885233809373
28.861738841912572
28.86389946206619
28.89747766172827
28.9187343679519
28.94260908543824
28.97239641852498
28.97946192446173
29.018266324621678
29.040524246310785
29.197737042739735
29.21178589314475
29.22199096660308
29.307558037191992
29.314173903367678
29.337096464481498
29.483130301641978
29.67483677192427
29.73186665987794
29.7620162976161
29.796242221099604
29.829052582940836
29.905096823594597
29.95682938090392
29.96546017245529
30.00968502793998
30.029538320996203
30.098427731441877
30.144293043017573
30.228779380522017
30.313751549199523
30.322355715562228
30.334531066286278
30.377152899798084
30.434608485112935
30.450100523939327
30.470035802953138
30.472200507684995
30.48921297045944
30.512833027728814
30.53128989447967
30.603797898818947
30.659044212921852
30.72746809717113
30.730802769313925
30.842640806305997
30.886076852540036
30.88898094140016
30.93280612654055
30.97769995913739
31.299171678439095
31.314655849175793
31.415242022283618
31.453398588573855
31.533394684968638
31.59463673052764
31.604616002485354
31.61203737923172
31.721303173645854
31.7354322850311
31.775706165003815
31.802729622430057
31.837007456130966
31.929451752066335
31.931089222547154
31.96916947295998
31.97563786135706
32.019155560870026
32.060231887006914
32.14665835699765
32.182352187242905
32.46000098306547
32.48909905236954
32.5120700859882
32.53830025075511
32.54161033699778
32.691850219555775
32.71258976642943
32.715694234509165
32.74377331035881
32.760694836040805
32.83903324018044
32.89355596662245
32.89426667398094
32.9452474589185
32.96675080651547
33.00422058051888
33.033164739024926
33.04329568316218
33.07384960723794
33.12730165415219
33.139418818924746
33.24030613534084
33.2586270330228
33.34433023913865
33.38163552496402
33.54323219239716
33.582363339745335
33.58613450234656
33.605883571963545
33.697889411873255
33.7148857797455
33.72380230989024
33.79032582771848
33.79913374159332
33.82142466359054
33.99075406566348
34.14911005134361
34.19592375922137
34.22176717504415
34.329287599789055
34.34577474321378
34.414562733123745
34.4288819809911
34.51023794436991
34.52391246103079
34.566307366223626
34.59088606554075
34.66745205174599
34.68074321920354
34.724695759676905
34.726037538676536
34.743225038149234
34.800000485396694
34.81158310713455
34.954567308326936
34.99622466437825
35.02956884521252
35.030598707251976
35.22821884527463
35.23314608433624
35.23521279736784
35.312699525104
35.325457646984006
35.336238156707594
35.343003559513875
35.36779912063537
35.41381627183414
35.500979725860425
35.67473470327764
35.68729286064988
35.85447498098002
35.873604073644245
35.89128426491957
35.932396840589355
35.934097550731295
35.978728865167795
35.98959471528714
36.0082329650824
36.20110787677983
36.2123293340585
36.41218791465803
36.433449851281004
36.434845132233974
36.46969341202853
36.47997015489225
36.56527724613249
36.570288492108375
36.58944390801115
36.614526957431835
36.73180629587287
36.73628313272647
36.87145352809642
36.87640785022617
36.915769743636595
37.01530674262589
37.03810320750415
37.056856001724476
37.11331476511847
37.22688588757553
37.24801826859642
37.294627625630035
37.34428798675355
37.3582721181244
37.36030575109013
37.37820485153199
37.400808048313
37.40756046559704
37.448446463195324
37.55375911255257
37.570430321683574
37.584629927595756
37.59442980591951
37.62305742050373
37.72771506911384
37.74964655992158
37.75028316356008
37.762170656701244
37.76424197032255
37.76581685466424
37.837653409235806
37.84671573076427
37.867338128904606
37.886579523246134
38.024933468792135
38.028634477092695
38.0288398244079
38.17608589305359
38.21109341221862
38.23509830140231
38.28590602064602
38.32852569367516
38.346127443960924
38.363445198546415
38.39641083106837
38.42697876055494
38.516598827522145
38.5294216641019
38.635636434147244
38.69846109215815
38.70482305583687
38.73757292274139
38.75882686869953
38.778863784766166
38.782709532315145
38.88814672551713
38.90804341459759
38.938375862467566
38.94444355384647
39.03442343623901
39.05534068842862
39.08115969394147
39.10363326982196
39.11677951794572
39.171394190254404
39.18639541536455
39.271973993883584
39.33709836108231
39.44436828192726
39.45913918284608
39.46214340710311
39.47618909959857
39.67716513925859
39.798131073775345
39.801865147114746
39.80255033937547
39.80782952626454
39.9889095777873
40.03822358665537
40.05260577832822
40.181429047542515
40.1983855275892
40.25625781097347
40.317771274065485
40.33983191589237
40.44037728711108
40.458441146242016
40.49859472972813
40.528055750199975
40.58692710324222
40.61974739478597
40.6362113937549
40.655324201583134
40.78925182957357
40.83831159658325
40.850174332099236
40.92315092918865
40.95990895972284
40.99975455877759
41.19641847403713
41.26643870349657
41.34121228178945
41.36216188110481
41.45188550458963
41.551590397874726
41.57710177573333
41.66627064417171
41.68922681146378
41.89688355985177
41.983382891029734
41.99520803031258
42.00070481523805
42.06701747469823
42.13425499242332
42.217013289844985
42.21750881845679
42.2656173892899
42.28232356660571
42.29903464559255
42.32803117255279
42.329150395315665
42.358883718714644
42.38128126855843
42.43639414744642
42.67506762916887
42.68716291710243
42.69109557862336
42.75404781341197
42.87755131290579
42.905232409763514
42.90741685150848
42.93972026609834
42.98956782930089
42.99266312527794
43.017302724814975
43.0966626479321
43.29273197321458
43.33443409396741
43.41250932120217
43.489987551752535
43.51507463318936
43.57783043523127
43.620667413641975
43.68037142634882
43.70059057442831
43.72973278168138
43.74562066050817
43.80203335781849
43.80677481494758
43.833322237412254
43.85493352180313
43.87814852810861
43.89907805944217
43.941680488122124
44.02873765019145
44.043696797310666
44.04604442115857
44.07359405852719
44.1260270325769
44.14254014511039
44.154797504793486
44.1769856099057
44.22440156445306
44.294366118005655
44.45820779878111
44.47358018593464
44.47427037488621
44.477498822970794
44.493670646438375
44.59917642271016
44.60445264392329
44.79616928982432
44.83580818482849
44.945388710312514
45.01326503837408
45.11992671344469
45.15776190883513
45.173227583886536
45.25803169060637
45.32070360356257
45.324249963475296
45.32859762824786
45.32990808501086
45.33253519250671
45.54317359028605
45.65042290863993
45.73888217030537
45.75477839481485
45.79043377602979
45.90139249594216
45.92719490348723
45.97817541176947
45.99401843743988
46.00170450160892
46.195292473832666
46.21909269881486
46.29018431238748
46.30552116598949
46.3345440941727
46.34774304726776
46.4396160999688
46.521058810535955
46.54748546372452
46.561320164804535
46.58182860834599
46.65321855959192
46.6876261791371
46.75399791852589
46.779692420592994
46.780373065078784
46.82934943932997
46.85631043983234
46.863104243368035
46.886036738479866
46.90122960524427
46.95561545646236
47.010611542567304
47.1552908047014
47.15764327808111
47.20755624609718
47.26066111965875
47.272426758121725
47.279940514921314
47.31641189978175
47.32542769282372
47.33859372058044
47.3598129484359
47.43749415351622
47.4867835423366
47.59277930674946
47.62300045635757
47.633799029985724
47.65235957523563
47.74011697668857
47.82336162819655
47.895869011231795
47.905899478652756
47.913054769737165
48.01789281972794
48.06427517875542
48.07074020497954
48.17787447183331
48.21434209782705
48.230067853278264
48.26098905026143
48.32278259741241
48.34948159771305
48.3882774383004
48.44061243454956
48.47974078900584
48.483765100655894
48.53464828035787
48.59380944027536
48.63016199455988
48.636103737453766
48.68240318311684
48.73192088559495
48.83184546801925
48.87992860582782
48.91995423653114
48.97288488800949
48.98443179284179
49.0550513702257
49.11575545346741
49.1745009649199
49.19139035478858
49.22024658511507
49.33101657882258
49.466603421204546
49.502774159899246
49.54545219312162
49.67056557818835
49.776576214927594
49.82558684133753
49.83513782621181
49.8655853512244
50.00618262757952
50.0369699308458
50.052728713879
50.099220571620265
50.144733827353164
50.145887803579626
50.18957724201238
50.21580476881761
50.25311374367962
50.25370709650497
50.296353406162126
50.32852535802836
50.36431234163671
50.4404051601493
50.46947978483681
50.50000831614198
50.52643057786983
50.5690236152656
50.65643751360686
50.687773226230874
50.71845041316899
50.8103974338729
50.86174610925759
50.868541251211276
51.00842193151366
51.0287570582222
51.068118469675056
51.154474929155235
51.17411804850222
51.21508825975003
51.23370660633983
51.28437268074099
51.33455943361083
51.33488670295022
51.34296485156229
51.419375563535105
51.535231364579495
51.694162562430996
51.742833236573674
51.78682682004397
51.82064716331458
51.899889060321264
51.941917648560974
51.97018120125976
51.972364809949944
51.98668517977345
52.002799603354724
52.02184181421616
52.06862600334405
52.10755741158664
52.19730591694225
52.20006325926499
52.20305530105599
52.240190586032746
52.330169234238845
52.338775766679284
52.354858823121674
52.37383684287697
52.443030669020544
52.51672635937393
52.6302449613623
52.63667407655989
52.640858382331494
52.684416625646136
52.68753180257212
52.7032799545109
52.71373350123758
52.757136480136545
52.878057242998885
52.89288340123655
52.909886335922955
52.97712295717532
53.05071249014732
53.055985251487826
53.08352111339157
53.23245240396149
53.27248997297623
53.292628528184245
53.292834205782455
53.30030780297144
53.321875801799436
53.38630069937791
53.465517358030155
53.489559780297895
53.51496011420438
53.57770537974073
53.616615453248016
53.64859784670858
53.65721053625587
53.80949049259025
53.87926114917665
53.903386084743744
54.03296024471756
54.07112933605087
54.09711440787449
54.13167801457118
54.14456515044502
54.1843008260066
54.20171263369483
54.2191125354677
54.22589276411832
54.30470966887243
54.3567100063466
54.36064327021358
54.40434732505642
54.44733587989621
54.54325252338274
54.56573779019493
54.56873640792288
54.57611855083276
54.68336173007011
54.68572247044699
54.735180600352265
54.84161542800315
54.86737975317477
54.92691229490224
54.94435190361056
55.03060162654301
55.03926963886088
55.06420910770638
55.13330132491643
55.19064021281812
55.286642467248775
55.35717222501241
55.3616231072998
55.40283205769916
55.608635146559514
55.676381542948285
55.69205232184026
55.738565508358896
55.842678594382434
55.868792412609295
55.943890433287855
55.96362464199997
56.015656791400396
56.145593375973625
56.22075762720813
56.29349481075953
56.29892154441442
56.32136479331491
56.3351231115772
56.35274364167629
56.41125988074742
56.613322203946474
56.63874711585755
56.69648980375197
56.7293900848618
56.75979818016331
56.776176073623624
56.77826999172317
56.81612253260363
56.84434294968364
56.887108481579055
56.897385463814004
56.904840490976824
56.91452767511282
56.94822342985931
56.9871317933036
57.03313194963505
57.04299234932534
57.287344218211594
57.31640271569685
57.322857213803985
57.368782296783664
57.48112325712828
57.49726897606143
57.64341607096553
57.68945839980458
57.72570283649421
57.83810485345352
57.91925098907602
57.97923780250647
58.02991775030449
58.04909368181837
58.05143412131738
58.056345209262815
58.1629645547538
58.26915507304958
58.30883617724031
58.43624518442049
58.449181859686014
58.6377083732976
58.65145982594614
58.83606305911534
58.880959594687745
58.94549895302632
58.99873436713315
59.04736637331849
59.06285965615035
59.10303241385235
59.14903458208345
59.16530029614807
59.194176209494366
59.20960688843492
59.24005300739182
59.26345560340189
59.27176655514416
59.35707111363227
59.407042648772894
59.508275661978594
59.57262257793361
59.61252277931126
59.67054630482833
59.69287882870622
59.698846451217506
59.79936178332701
59.886670650085456
59.90810951674574
59.926168280703905
59.94801822530923
59.951831532196785
59.9842524137791
60.00462913145186
60.03567238090192
60.03911708475985
60.124040087033244
60.13954005073809
60.18607939432897
60.23154038399075
60.282614432794354
60.39696019592399
60.46922798985635
60.47458655669154
60.50339940790343
60.53028411555513
60.5316447754161
60.55748826681719
60.619706804376925
60.62063688652113
60.62565577752048
60.71080302675514
60.73522575326662
60.800950329875505
61.00972845728692
61.07463337738372
61.0967154686641
61.158956064561494
61.21205174543306
61.36801262635677
61.38979246873247
61.48017800685145
61.5486967951128
61.57379305791691
61.70128763415016
61.78875881832488
61.79384627206083
61.80176925268945
61.8223985232941
61.878894074089786
61.98352533238108
61.99565537572091
62.01940949352982
62.043944829354366
62.05922680092391
62.1008130438569
62.119939912935415
62.15303356177334
62.22836640764079
62.23519088721342
62.27224233741705
62.29682504571238
62.30095262626937
62.39714340940765
62.42943230319985
62.59145981314573
62.60546665466471
62.65966085328768
62.66858489983601
62.68112960745643
62.85445094634574
62.882027594907115
62.907188955320194
62.99522024743759
63.000945225136924
63.003497440841244
63.057349212183745
63.07807538210169
63.11145954941838
63.11663738405226
63.177115325701905
63.216438044789584
63.22435906830587
63.27135055034745
63.32567798396428
63.36215857911088
63.46254883294625
63.48372815386451
63.520751008681245
63.54785836075205
63.56129067623992
63.57690358477787
63.63935319552856
63.67230854276825
63.72939258269637
63.761487145789175
63.814455140729855
63.819750593332564
64.01599426784328
64.0405536479686
64.08549541627853
64.09478713822226
64.1823843915837
64.24320433906425
64.33136070391744
64.42015406233938
64.45097123447158
64.45432078117108
64.47802657860181
64.48007534716739
64.5299321896453
64.57507035422816
64.60642998492487
64.60886674035567
64.64917747684294
64.71269438084103
64.89271839550084
65.01739211295902
65.2052142044136
65.25448920978612
65.3186892103702
65.39554836029231
65.45378234923933
65.53871100253585
65.55214946376864
65.55939355855742
65.5795926613761
65.6673475862604
65.73615258572181
65.76288099921427
65.8141303946273
65.82698394427844
65.84125928983998
65.84825322237418
65.85276333976493
65.87348156650785
65.94335989633612
65.9460209719482
65.97373137435312
66.00056281383206
66.09457393826779
66.1092024409042
66.14528678162718
66.15999550474343
66.1661003673297
66.17859958280764
66.20709170399202
66.20884189251574
66.26341745506147
66.3449788377654
66.39420296298714
66.4692437271197
66.47834302912715
66.6224485079826
66.69429320636118
66.72394444021363
66.73048251245604
66.73594101948777
66.7790706501691
66.83428083428055
66.8397327670289
66.8571570496109
66.96622983011632
67.0929780537004
67.26819008342977
67.26984446946946
67.27979773388373
67.37811527300019
67.38102219157987
67.40025680531924
67.50629401405577
67.51161055808713
67.55114670952833
67.55543175672028
67.57797986996364
67.59542750681301
67.60120579178472
67.64254623107398
67.65004164431149
67.65023992121264
67.66574546785452
67.67979763183438
67.68310289502593
67.6922049442551
67.7500847396046
67.79135178222568
67.83418154829482
67.8469112205362
67.85585169691997
67.99259393560854
68.05477663232539
68.0714101032354
68.12647807213374
68.15207305639302
68.15859479385014
68.20528449742453
68.24028761261039
68.25421702270843
68.44476441034867
68.5098547751502
68.52598155096345
68.73693727741524
68.84158024564378
68.8650663512004
68.89480053995118
68.96279094772132
69.02055709739763
69.07086203277039
69.12747739775287
69.14326724230149
69.15523442462658
69.180383323916
69.21438685368503
69.27009724196122
69.37750208769631
69.39198112072636
69.41261335194139
69.44209502492546
69.45164206600133
69.53141279530645
69.66387454485037
69.7108549288505
69.75265560643727
69.8289924293621
69.87447788195834
69.87563757210253
69.92788826983193
70.02515832271732
70.21303535405853
70.25362820341996
70.26240819372524
70.2728147695267
70.27568755184903
70.32180312559457
70.34676653613408
70.37507537649883
70.41587451029812
70.43008044525072
70.61212600271371
70.72426355559057
70.72890134222848
70.74797489143447
70.78187468543689
70.86458742291929
71.02917372388357
71.03321589395534
71.12229103144607
71.20984559438482
71.21872029209061
71.22121729947989
71.23624261703488
71.28544132556488
71.29034464148528
71.32317390287643
71.36253899750217
71.39652067956915
71.43349675616172
71.49832814200617
71.5090465753091
71.51460759264835
71.55505924365399
71.58648164185509
71.59781465847483
71.60692211007351
71.67236450046165
71.79189877511041
71.88515031032918
71.9193032861203
71.95854836696763
71.97738731334755
72.12412350779941
72.32601618002963
72.3605756670829
72.46409051981396
72.56092723815462
72.63943840992218
72.71167434411332
72.73453177797268
72.86280313279605
72.86895788411236
72.94327376513571
72.94505125606071
73.03159614213286
73.03897614799703
73.04641407387317
73.06928054340752
73.19963478505599
73.20422947570161
73.20747400942041
73.21982953364831
73.3500936543245
73.48923758611835
73.60356930144833
73.62488001168559
73.76092344732014
73.7970542591024
73.8008571399189
73.80409220242483
73.89869032235762
73.9349775371611
73.97285921377323
74.11286561647326
74.18147652807143
74.20716516225775
74.20987692861814
74.26288809346521
74.27052573694944
74.34662040890126
74.35527614292945
74.40207545175679
74.44317991086344
74.45571354194637
74.47072094817125
74.62598507147409
74.70117751205193
74.74877627953488
74.79634584833784
74.80687840785197
74.93879348600333
74.94347955918197
75.01976005406426
75.07619790844998
75.09320823374385
75.1180501672623
75.32866208948064
75.36785982814192
75.38348621776409
75.39861888414256
75.48578392244536
75.49158508304858
75.5137350319908
75.52776564673759
75.57118664003342
75.60656052601833
75.71995772363817
75.78677663237139
75.83261542691012
75.90129425311609
75.912847051509
75.99068833417536
76.07659352149314
76.09365099340623
76.09438969159959
76.17276863441278
76.27650656202911
76.31555017596462
76.35298865270637
76.43022832352824
76.45150221797444
76.4713367580805
76.47651225660896
76.48782319854077
76.49942843979198
76.53610757780143
76.54725780479765
76.65212366774149
76.65472276630764
76.68301051666174
76.79781452339586
76.89111817830884
76.89150633312894
76.90940024593367
77.04838696731571
77.20260171932871
77.25073468126635
77.30418017114977
77.36087369368353
77.43307681882234
77.47107931754441
77.5479368851955
77.61815522009266
77.64764842359315
77.7923183406149
77.90739440896535
77.96054714989826
78.02947631369419
78.04022682817863
78.08315623588177
78.39986906361878
78.43860366475187
78.44137966866249
78.44664444944384
78.46095964362232
78.5511680847558
78.63959569142244
78.75210059963429
78.85675484609449
78.97159933919518
79.00068758002396
79.01279023335815
79.03293560655325
79.0566567654615
79.05674942063105
79.08058474694363
79.10449401261887
79.19018727732391
