0.013001132782421265
0.040423624281648585
0.052897315879712865
0.056790585044802264
0.08915295413255861
0.10947938045696658
0.11150074016317128
0.11291655616086639
0.14010796252358831
0.17512241352452906
0.17655771719904648
0.18743059679746657
0.20352036731181444
0.21584518233288685
0.2374491475271716
0.24145481843909014
0.2528389641636793
0.26740293476158605
0.3104376105576708
0.3412505074076915
0.3600102869112153
0.3677050636455735
0.3814308960629131
0.3881458782770732
0.41982494674162063
0.4420297531142364
0.4540368705606931
0.5149203474158727
0.5730637210584163
0.5766751032116769
0.5771485937354702
0.6333216157823748
0.6420422368176923
0.6501051922588337
0.6532744770558369
0.6845778522063285
0.6932902560171169
0.6979181167614605
0.6981013963944405
0.7224874939654297
0.7372899212146782
0.7726013016548628
0.7789935241170631
0.8382819245837366
0.8571984644621388
0.8683274737745392
0.9194692453563937
0.9232280746703486
0.9382473450472637
0.9485617705120909
0.9567011029864909
0.9587923970467858
0.9599442952866908
0.9740411800865096
0.991829778379554
1.0204871091224668
1.0454887194980536
1.082172473248916
1.0978517054600025
1.1289876552715348
1.1319795687375331
1.1701840663719372
1.2070008517951776
1.213777163211944
1.234692568762835
1.263119984378025
1.3000646034619183
1.3190111617304854
1.3590421991760073
1.363808054365781
1.3813124273828563
1.384044830349997
1.3874508703448902
1.4104238357787187
1.4331578426202904
1.4697081164196382
1.4821470164159192
1.4950359177284602
1.499540807182757
1.5137578041040813
1.5208379128658016
1.5227751604864723
1.531332062013851
1.5350215831331084
1.5605386505777903
1.5702113609983628
1.5771177069445597
1.5854543670744883
1.6077831117999706
1.6200206991353527
1.6625510465114584
1.6733914326494066
1.7149759806807268
1.7706762619394496
1.773392154232372
1.7766990816047699
1.8644678949863
1.8674214391588897
1.8868772154112365
1.9234081011542936
1.9320281858712312
1.9603989444414598
1.9665281147959457
1.9705903098934183
1.9748975250950476
1.9837180788184796
2.0042766423533984
2.046847916748277
2.0495212964247997
2.0576061527606924
2.070286390929636
2.0766299134846635
2.0771913937856814
2.124764224629326
2.1433790124053713
2.1494187076733016
2.1604003660028215
2.1851111909181133
2.191354316191568
2.191966808112626
2.2443253984527938
2.262556861203064
2.2657290775147527
2.2679556016464892
2.272878091738858
2.2833828011585195
2.29135898719283
2.2969417120359874
2.3443338843621726
2.3504630455770625
2.3848761958859463
2.401430105962067
2.40551862780027
2.410902014536916
2.441301121429674
2.466357842101981
2.4967482967801535
2.5313528567510164
2.6003243389033317
2.602570534059585
2.619355739946864
2.6319583608039103
2.6328466543774725
2.636158016276345
2.6535337302856496
2.671759012189185
2.673126080261934
2.6858868016430786
2.7005922077924733
2.7008179123762104
2.701640317631726
2.702304474439175
2.739056731188873
2.8086054280553534
2.836128444921179
2.8371177014661875
2.856400505373567
2.8580564969258915
2.867034207121462
2.8715613975373673
2.905134630029822
2.909526048078694
2.9178315483415496
2.9214476226873223
3.0667190654213736
3.10992736484253
3.128277959786735
3.130651127277776
3.157567965677931
3.1827524778474374
3.1839640775311655
3.189087030831104
3.229886412143728
3.266281385785406
3.271065394693078
3.2738352531758306
3.3069063414505635
3.3594750131784155
3.370389947788007
3.4140381460364835
3.419912021154394
3.4223962591886714
3.435975364338447
3.4394683566160773
3.4478105987955217
3.5062143888865562
3.570277686010437
3.5776890243823622
3.581224114407706
3.600967520341272
3.6049966603234505
3.648461020503404
3.683953992794523
3.691690193509589
3.7333874739525705
3.746534658217875
3.7959455994544062
3.798201304191
3.8518721622060914
3.8614720639669433
3.8662525877369514
3.8668982364118425
3.91987018770131
3.9276016486131677
3.9385975053213285
3.9479787496181666
4.0306784694203
4.063440995094068
4.084449672464334
4.088935774207279
4.240829339557384
4.249169065198088
4.302456007735682
4.304387790332389
4.310746768515276
4.333712409459646
4.389896645063442
4.445293578803236
4.490481788526637
4.496958882928006
4.518622186281393
4.522038186042098
4.561069237939464
4.575200137744957
4.575415653176493
4.575941447677656
4.630575787536457
4.637694146165314
4.6391350643952824
4.671499221533618
4.703137685652121
4.715839294431051
4.748236961258817
4.754002465805775
4.777229736401074
4.78064655630375
4.79764834110671
4.842250418631737
4.878233164076935
4.884213066116191
4.914729323399205
4.915960427771208
4.933202373628136
4.93621127382435
4.971173193663797
4.971894137430889
4.982878956580268
5.038462801233371
5.039761767217691
5.043282390998014
5.060271694512764
5.069662402834513
5.093088008571065
5.132156957941129
5.139509020048606
5.151725115012259
5.16478580152049
5.171771036812529
5.209402734968698
5.211488439439201
5.211880034691224
5.234573532785001
5.23501561560996
5.266536651895453
5.267472041219981
5.275589390642149
5.288115307531423
5.293441212125582
5.294831122571957
5.30596707467167
5.409634060648987
5.411038075925468
5.4135024743605
5.503791734480047
5.506155058478536
5.517192233457164
5.529908562777371
5.5309916289041
5.551675836402926
5.556051183846031
5.580878033413203
5.59152355222009
5.616963426486345
5.661933450955573
5.763401141756217
5.784307028027897
5.790283723452696
5.802348984168592
5.806872519836339
5.81082981623589
5.8188976581707905
5.841319569110572
5.874702192186412
5.933734200601282
5.971602840126563
5.979893307878998
5.9836347893967625
5.997425012501637
6.006734981086691
6.009228038798542
6.027884854903204
6.1121086704749885
6.114434368332951
6.1563198560437495
6.162508223360969
6.177410534273179
6.192701921838911
6.208058049964587
6.216224206543847
6.231819195362981
6.2445363920409145
6.24743138662078
6.2521394084550055
6.259867141735297
6.314732412875719
6.320367316531563
6.36566228177737
6.422517572763235
6.460044577159244
6.51808180273713
6.530235305927521
6.544154912639769
6.557224485268169
6.587762912943379
6.607885787942674
6.611103841592245
6.6206323584276605
6.633702644006351
6.647483593695045
6.662613634266457
6.663291234448805
6.675132303078641
6.677331154549382
6.688285379669675
6.689205073812238
6.693763148192476
6.703021021726481
6.70518246204381
6.715442022466159
6.751059896896021
6.765842623203163
6.770149958837586
6.770555457064678
6.778157656375453
6.832862224055598
6.846588363133859
6.875636823719276
6.886072732022649
6.886969578027147
6.894993728484948
6.910428421377601
6.937725630611081
6.939578276671445
6.964241237459442
7.01431258058502
7.017096125838728
7.036669850634379
7.053215578954972
7.087756324258969
7.10157349650135
7.121107771353713
7.163243492062958
7.167198280600173
7.180811370477594
7.197845400896029
7.211828737353844
7.23328258717677
7.2370534426816375
7.244571280894537
7.26425388073333
7.270936557098483
7.307512663664108
7.33219562238466
7.33941948292297
7.374304946234386
7.431704864504993
7.466309779323735
7.468228312894859
7.494944614372947
7.498531604560945
7.500238734702544
7.543653479957478
7.584208886882683
7.5987568824348
7.605241156568354
7.6112715639384865
7.619208901390481
7.626678811445963
7.66521775042354
7.701266954819152
7.7053161198130615
7.742852610391238
7.758731040669046
7.760884309668463
7.765056331575331
7.815469494748866
7.831475328432229
7.855472752532554
7.856904134082345
7.858192830171694
7.895202296846764
7.94843726691208
7.9980340369410285
8.072508383537027
8.086089927293038
8.104295347494189
8.109923853210205
8.141594023978802
8.175560239465357
8.177652115992995
8.21302333637297
8.224736845433814
8.229260923436197
8.246090358569317
8.25783275041469
8.268029450240983
8.288260247542812
8.316727541524127
8.342501746281403
8.343061178721307
8.350321676917519
8.375256925469964
8.381965434719048
8.395381078501625
8.42594902944658
8.42665856765305
8.450998680649798
8.456914944615773
8.495112170889294
8.549549663189191
8.603188094945455
8.605320868404455
8.679022674895
8.720712123348617
8.727496257556517
8.730706834328076
8.742654746932416
8.749803164576077
8.80617658317448
8.807378883889857
8.81697699831062
8.857634494620555
8.860244514493484
8.861277139481816
8.868746020118772
8.895273074273428
8.921321817071709
8.942035516670606
8.975725206131068
8.983399387721985
9.040689405929598
9.064695006124618
9.064858893819627
9.071121887540976
9.081014849838837
9.084381723765409
9.088910397948922
9.10875603007821
9.124497264830145
9.14140057054924
9.144643541487335
9.16567922176627
9.168020994110892
9.168530681530292
9.172281508466291
9.208718226241247
9.2108023258492
9.244783436175252
9.280727002524015
9.304062111305957
9.30615453825402
9.379179885316121
9.381698887833032
9.417002701180069
9.441776130375882
9.476388167574134
9.497909295157658
9.507934327943065
9.55039227546976
9.570961560744408
9.57253498792068
9.602095526566663
9.613378678739242
9.61421667921079
9.648170085417423
9.668155542085618
9.671540544193114
9.709269863583534
9.714807734845307
9.725751180428292
9.74063282152313
9.774162404268578
9.798787601512132
9.826094004342794
9.862158210702512
9.873848389235919
9.896427175941568
9.946759485581216
9.951568643333157
9.999754233368249
10.032449161680397
10.083058207948346
10.086318552555644
10.138930853819197
10.159484043469114
10.168980723391485
10.195513873386737
10.201045223840117
10.208807415998734
10.210079529268985
10.233477838929977
10.260493587255372
10.263686061390274
10.280460178083263
10.293977503659379
10.294809255559146
10.303293848993357
10.338298943281472
10.34484423201593
10.378196043231313
10.39733284064234
10.411450361563523
10.416464874997974
10.440516151039343
10.448129670349653
10.450013536648498
10.485406795358632
10.487224014173492
10.492894354669279
10.501311355496693
10.55186647526762
10.586857941904396
10.606841777098607
10.613175725638348
10.630321428244974
10.655657212751047
10.660714983365613
10.661503986012413
10.66670908602775
10.694278234408966
10.716547573773171
10.718221913747065
10.727957582792893
10.733621156472672
10.762221709846198
10.776775978670432
10.792164892527557
10.793729979698856
10.837908835484228
10.844421993612944
10.847315307435398
10.850515356871155
10.850797211811406
10.869633802515308
10.89593598836484
10.90317858146619
10.909933462238767
10.94059324475561
10.944523236591948
10.945415166672547
10.966302378908965
11.08609963357882
11.116216372599443
11.126157458758378
11.129446724358944
11.153534375143877
11.156762245617026
11.169251272366779
11.241890282734868
11.266944768609703
11.293685999471712
11.369720792456176
11.408044310205153
11.41555213980215
11.435037736314198
11.438891952766001
11.464306645078674
11.464909035393442
11.484497111119737
11.488107756494806
11.506223969188587
11.537193190144059
11.589983106848726
11.597728411470962
11.608980499308124
11.623714628052435
11.624686875478382
11.666032616570929
11.671277875078799
11.680965785985777
11.690362040984187
11.74474655470777
11.747501834672855
11.76092413454517
11.88823587311425
11.892375554368495
11.893987412419838
11.977108120085903
11.999861926581929
12.011543824966573
12.04388570147457
12.194641353411102
12.202550531636733
12.262754214294292
12.265793929078626
12.306411345434753
12.382897164164293
12.40794290320768
12.42777395424366
12.457375484615342
12.470218811533254
12.472026635783369
12.485536426748908
12.50033113693311
12.578086131344937
12.583667402522037
12.594992167271776
12.598968732128576
12.611844030213982
12.617947955544341
12.625539078597928
12.660549427595612
12.672556809946075
12.682691733608282
12.718188673052904
12.733853346516174
12.77836685902243
12.801696557554509
12.841955696226108
12.870151857984824
12.871162211257335
12.910035861327003
12.911590688962674
12.912853844214897
12.923651698548518
12.932489788654344
12.940298783398296
12.973007344590542
12.973008822954721
12.979066145757653
12.980219802924411
13.028315146769119
13.043261155414609
13.049901259325543
13.07668899441654
13.08358135758583
13.132841449475883
13.152919509415149
13.16883827109436
13.226534705342772
13.257988415624542
13.265595026804032
13.289497858138994
13.298136433978948
13.320259454710763
13.325788270305601
13.339292800778958
13.35602656853223
13.359566486509285
13.367367373909493
13.374677982414827
13.39574956622606
13.405930623284325
13.440396981647233
13.451774216286386
13.455292980548297
13.46961700972821
13.482646411221939
13.50441337927039
13.544874663364734
13.559662669879907
13.581312995293024
13.596796675965622
13.60803094028459
13.636172761111998
13.667462255506257
13.688277899094658
13.720326431857998
13.727382761574011
13.7416018991538
13.754044704832967
13.757522561602903
13.762403200491011
13.783711400176017
13.785367504897186
13.79929114372201
13.814348240492013
13.83163785904454
13.872470178903434
13.872564828669928
13.881708599043183
13.908424745543844
13.919992645984827
13.930160497438163
13.937479585927532
13.961547410256397
14.000385751139591
14.008128163941505
14.02461532226043
14.029150210257283
14.042516519807537
14.043072610228643
14.055638480873967
14.06081398517197
14.081099029652705
14.094506494155986
14.103501812473047
14.135507453578528
14.166398241624531
14.172622338270513
14.215243899180843
14.220788629812636
14.236629295174767
14.243640732747997
14.252276975076384
14.254432621984643
14.263318892630698
14.272331127152807
14.28134098466686
14.31129518389919
14.38389979887914
14.388939962433053
14.450656853169106
14.453038709119628
14.47337821692297
14.478321274234405
14.51296799684436
14.525503517803209
14.52893074816857
14.544570085820483
14.589410746220855
14.595798148190976
14.646362287236562
14.655471229313436
14.661958949235547
14.693135741974546
14.702871575295735
14.725752498707065
14.832340773852552
14.841700462249092
14.894644400964957
14.900258099503693
14.901282806158124
14.907329159437563
14.909512768176782
14.947857692228185
14.986254670278575
14.991223397472082
15.02421943723863
15.02935861072348
15.036413379027602
15.043196574355228
15.056606266982307
15.062492974012317
15.072670502792555
15.080053915408522
15.13003635669353
15.164289170614287
15.179981699138102
15.220827754798279
15.246662388961882
15.254117034447896
15.259074493331225
15.311333367173564
15.398332309033481
15.416614622559672
15.42463860187997
15.430797601013486
15.433067266273934
15.443415324838918
15.450142673760277
15.475025180089979
15.486176891041012
15.487452000940303
15.495121902408288
15.495527382153798
15.518280129511787
15.525292239953348
15.53078860312525
15.54305476473815
15.557164820134533
15.600615164393862
15.614522119193158
15.616938725455018
15.61770697178834
15.63903279910932
15.674433099281904
15.791486006752784
15.810041708420428
15.820448234588765
15.912592347302475
15.932205138349763
15.963047149729052
16.009612603495306
16.01086525367545
16.017685865195084
16.060795339354684
16.063806558047094
16.075985755540685
16.08184427405602
16.10256025195624
16.11128642090317
16.125071795160792
16.134395952666956
16.135646779375218
16.16284890161005
16.180045893537784
16.210856761991064
16.238009857088898
16.265477611994264
16.275976344563404
16.29364064668859
16.30832513058969
16.346261576618414
16.35725494319074
16.37222176654217
16.37284123025203
16.383785359740006
16.40774792204476
16.469429195110106
16.47650790273997
16.50909759998783
16.535510126060707
16.59868886440559
16.603494978237503
16.60411395544125
16.609582438645454
16.646793294121828
16.69497017478454
16.73896861164519
16.740301756782145
16.75768692273957
16.813168585675946
16.837991164486937
16.838203321822835
16.855363612537268
16.857443905077695
16.860655897840456
16.874038097238902
16.88697454230859
16.907499409181277
16.96184035639335
16.99058627564741
16.992323042040585
17.016653350519096
17.02052249737942
17.023596359101475
17.04185576101355
17.045591519502295
17.110372366515143
17.182712713021484
17.200031937280823
17.209293732729908
17.215398789697808
17.228272583195906
17.235295672315
17.24572091379974
17.26125374774833
17.271979849486296
17.274436622154965
17.280097251061665
17.300692943146732
17.32802894512847
17.338803288270153
17.400269374145406
17.4089571751391
17.40931015806021
17.446790416672055
17.48974168557137
17.500664719631565
17.50419306539551
17.51278815036189
17.5162536282411
17.5197644802849
17.55310082457435
17.56528355715406
17.57057491710219
17.615069766991848
17.627650045394866
17.648722537418873
17.649102314315652
17.65767661389961
17.670017464542003
17.687596833006264
17.693012445413636
17.7039455961654
17.735346693657668
17.73980996061644
17.7638978951285
17.79155060940057
17.794863666484456
17.834672614859876
17.840007649748987
17.8600910937638
17.873569473526043
17.87555293227454
17.912008952862
17.926999029961408
17.930900288449063
17.934073962108883
17.940284403669846
17.945816929999303
17.948845242914935
17.985690138331147
18.024467826222878
18.029606910431664
18.062801472878007
18.08247772931444
18.102941912669085
18.126907338091446
18.12886001712016
18.137154924650766
18.1645766536793
18.20772506119079
18.20840153343414
18.208597588550575
18.22790233167119
18.262011855975476
18.27052697934247
18.27444246690225
18.282135071208998
18.290885683361598
18.301651680248984
18.304896206290145
18.351193452847202
18.351305482356786
18.365874702586613
18.36847235179001
18.43041841214839
18.435768055510433
18.460502470611768
18.465370424199765
18.47095761477891
18.475745245587678
18.532939688234027
18.53296777032031
18.550412512800513
18.560744851512435
18.573077243626315
18.63515268204031
18.64978837653943
18.654612782908163
18.666454850221406
18.71567076249524
18.727939613415767
18.74964955872589
18.76544460073533
18.77754859343523
18.807464081753686
18.841407168867097
18.867275890967402
18.873690594461195
18.922693274864706
18.930731104091297
18.940418157089375
18.965656595818174
18.966530926512064
19.036385376690976
19.06166708946686
19.06695177081493
19.079283501279118
19.092615183594315
19.099159794349344
19.099183399198274
19.126804662521447
19.156179398078567
19.176935067773066
19.221426957730404
19.222613601828723
19.23952211339364
19.267595316067943
19.353892301101478
19.373541960586497
19.38932692583979
19.410771666010586
19.45324284982114
19.479936782151185
19.48734589301063
19.48789238986816
19.509669320106514
19.54909894490648
19.55102290560784
19.605671594884445
19.63778930620231
19.65965037273176
19.665503926127382
19.68185266066416
19.69478124652004
19.752668335012636
19.761682419327933
19.77893377868075
19.802165264359825
19.813669047890453
19.815515120187932
19.81857697115396
19.833758584033383
19.834103723803334
19.84575263669218
19.851155413098056
19.856560623452484
19.87710029434432
19.887692382804318
19.88905204220174
19.896041011785307
19.898913156413464
19.98054526463017
19.981592412185798
20.026937351597724
20.03346818055752
20.046032448642197
20.051648593090487
20.068927272380293
20.07817643559951
20.092151061467685
20.094451232522186
20.13081583199702
20.15804563546535
20.162643851202017
20.176008891432172
20.188117665085976
20.192555393039555
20.215870189356835
20.219602460947012
20.226303443440948
20.237889771982292
20.242230234686698
20.29225938463704
20.29893855024396
20.320004681739693
20.379858674073624
20.401912235005096
20.43508497215926
20.440571717396264
20.4438485168567
20.470656088441256
20.48095676754925
20.52380962311319
20.620350322866894
20.63413892294108
20.675957306929867
20.682696923315202
20.685606411289356
20.6882666220113
20.695144936174906
20.700419072587543
20.70315624751354
20.743049242920026
20.765231424870965
20.768892852861804
20.773031623242268
20.837402202808825
20.864126857839317
20.894521106479917
20.90760544931948
20.93685972829526
20.970738408004575
20.971120355415028
20.976756049757988
20.981605760029836
20.994482038912377
20.99846269475517
20.99944107750911
21.018756172353154
21.025797448781702
21.03073848756596
21.077057054274132
21.08305599488546
21.085592008885197
21.089072822086976
21.092588854502132
21.099498787993635
21.103667514269947
21.107170714101116
21.116618804473088
21.158016853617752
21.1638540818561
21.164835555686224
21.169754200889166
21.19000899051634
21.203174156002763
21.226273124023734
21.25467132942861
21.26953302508701
21.30074670678335
21.315088738525308
21.34604728242592
21.372883194834763
21.397228170183485
21.407129465601717
21.418599261440512
21.430141643552393
21.465964044267157
21.494607232639943
21.494941491908165
21.50452232182381
21.518875723838715
21.519947712213483
21.534614467138418
21.539630552942775
21.545351466905622
21.552777621114878
21.555881404741644
21.562199983738008
21.57373722980886
21.58198285808323
21.608771794369517
21.623757694664967
21.62581740809105
21.655533060631537
21.656529003106606
21.66435187141937
21.671302581442
21.688113004696415
21.690380768814123
21.759847025080017
21.77066520584251
21.770766468521263
21.804147315670534
21.80453574489668
21.80488931275691
21.806082082325062
21.814846515905206
21.899780182991705
21.91340997391702
21.962494069609686
21.97117305281821
22.008720844045055
22.01214142817694
22.05758531775533
22.063115152100227
22.07996065969924
22.171689090563255
22.17738244793976
22.18699339183752
22.20501557869813
22.210625592773212
22.22138051117678
22.30208603047644
22.30592430861943
22.30638782949178
22.330299794826104
22.331086934779723
22.33157629596202
22.34816301092483
22.38092729232806
22.403990334123616
22.427029629388624
22.431174106850726
22.438298689463917
22.443187255270928
22.445201152582122
22.474948068054122
22.491429718106872
22.537474404069872
22.587525893748357
22.65754501659983
22.767389735248052
22.772269273412615
22.779818768207594
22.786362371594926
22.801733474576363
22.803595441204152
22.80903586514969
22.811721290699083
22.864389178937945
22.87194220837405
22.941667383598503
22.97669483443493
22.979824068186662
23.013588005278542
23.021537212734
23.026701623055356
23.056220962980614
23.092940984034705
23.113521937579584
23.1364367645432
23.14114416407832
23.141292648506756
23.15207399517294
23.16348428895161
23.182853085019705
23.183939080089882
23.207558905075857
23.212035401238776
23.218020095030383
23.239069641343733
23.243989972568983
23.325253277011946
23.34273424218253
23.351851554623778
23.354426387476728
23.360871728766035
23.39048575465219
23.40199244034486
23.406133179444485
23.423448537211243
23.460178778618417
23.464812479659475
23.465451819715966
23.496594059807304
23.558725261994436
23.563163204560244
23.572396536529553
23.57809395195093
23.580160434864084
23.600267408819747
23.616290117672573
23.6504407388786
23.669886648654522
23.67153952827145
23.703942252978717
23.70545000727844
23.709315888998553
23.709751948172997
23.711063890025404
23.788192584064724
23.82164964906357
23.840546195615634
23.85893627249542
23.86873443578211
23.871410120335504
23.87894831505957
23.88563233540933
23.896319350199906
23.938751743040534
23.97859985438682
23.9900365477523
24.036669733812747
24.037307147756465
24.10374521847631
24.182928172762715
24.18615486099212
24.19914431291027
24.267328951312557
24.33867380109975
24.357597410997638
24.35812619369164
24.39687754463434
24.397874289596505
24.40304421195867
24.464522274745466
24.511478079451958
24.52259187768425
24.542735738348007
24.602720864045278
24.614014984845937
24.661786443358867
24.663954893376946
24.670099386182567
24.674601525116017
24.687897427965773
24.68835921608437
24.695349215463143
24.697216483030026
24.70900105322843
24.709403684462067
24.73584166867927
24.742990770088625
24.743271456684816
24.77325934374079
24.78436925798327
24.788817738156766
24.830012763071267
24.85069281029649
24.865982340459464
24.868159564500285
24.881929150750477
24.90588481983769
24.92969951245978
24.932940474087406
24.93365082157576
24.949395613731223
24.980729858676003
24.9808849243682
25.03008992007253
25.048842895911783
25.057579484430995
25.06823788590845
25.207332856014382
25.20949269568694
25.232641751574874
25.246887595414826
25.251085032135553
25.26749310939706
25.278352809361355
25.288908167252792
25.30824370876381
25.310819381317312
25.313228023607977
25.336805292975974
25.34528020422149
25.363798153435482
25.393449653534226
25.393911839820742
25.395644879768028
25.40993351730462
25.443429462121895
25.456965390444957
25.465760307090317
25.48786955054681
25.514859222033106
25.519512064599713
25.525210947959046
25.53192076848141
25.539918844690686
25.545278378888536
25.548512736197303
25.549767551821624
25.551780678335
25.581047814376227
25.58366906162587
25.596484267658994
25.604611581947136
25.613586732155653
25.64307252885515
25.663763738601432
25.665645241518117
25.67709812003575
25.69352974277658
25.698861060924454
25.71705774940621
25.72706916129635
25.728824785638068
25.72980729234743
25.763161498119356
25.808275290996356
25.879145468666767
25.893610586131512
25.90513203439636
25.908251592913274
25.927585759623152
25.937341897159406
26.00208154071445
26.01634003621007
26.079850158943472
26.090958867482467
26.116366570052048
26.127445288058745
26.146433337977243
26.167810492280154
26.18734903077801
26.189078888942483
26.235741496974434
26.23891632922497
26.242475359900073
26.242570635509097
26.27700864391376
26.312383968345546
26.316971671532833
26.351364764694214
26.36885828721185
26.375800594802772
26.37931936838385
26.401005329040622
26.426113414037758
26.430057449507224
26.44480198115204
26.495604197137805
26.498759840007466
26.51640126838351
26.527877991712103
26.538193045156337
26.538400272279347
26.546004961923188
26.55155589886357
26.584925698206373
26.600650989509173
26.649733197130494
26.66059451687151
26.669923893768164
26.770163911698802
26.774202367751926
26.8051579332298
26.835768170889956
26.851263617483678
26.874408112806375
26.889507125848308
26.94694940839537
26.978208551955504
26.98094169963505
27.03605703481482
27.092257089531735
27.103513169829508
27.11079860421242
27.14636709292175
27.165209978332634
27.17143402212013
27.221193040123318
27.267538608810025
27.278814013631877
27.292634247808504
27.29474992562843
27.29531990471959
27.310320392512146
27.358800837660784
27.3744561877012
27.433006665883507
27.436498750883985
27.44404288881152
27.46496184905432
27.487242739717846
27.491184480318825
27.50181694592948
27.513527963022668
27.523447221373257
27.554494786881424
27.559941896563025
27.619528284862817
27.62607108632509
27.645371893563144
27.665305093309744
27.68470148473586
27.742250431869678
27.803752806718485
27.81770041102098
27.838531707803707
27.854493582521023
27.875340863482677
27.877289736472566
27.933361891641724
27.94131016223022
27.952770852149932
27.982437203628997
27.989109396733074
27.998585445388272
28.023681950780336
28.02862043094557
28.034101825033957
28.056920578959375
28.063024401578208
28.231756418411827
28.23492698804027
28.25583658213918
28.26332014879515
28.293312201765435
28.301767061288405
28.311133716018134
28.330766636677584
28.352995044801098
28.368517004287224
28.390636842372125
28.402406185701285
28.40630050514144
28.415023082763437
28.424216853476082
28.42823400844124
28.48360411806627
28.497298349543914
28.497390618984074
28.497981133572925
28.503984006107647
28.563096280564153
28.585597096354665
28.606789901004024
28.615922265060192
28.620432488619144
28.639366783660105
28.64776403165469
28.650199965897382
28.654948505502144
28.706111852446604
28.733600295297975
28.744682158447826
28.745551487413106
28.760923081127338
28.76914246948649
28.784837963407433
28.786709990509113
28.809832676899145
28.837513776137904
28.850084116965075
28.863746111614244
28.904061057618772
28.957388587749882
28.96603812435884
28.975750727126815
28.995573826656074
28.995697285706637
29.038055165904566
29.050542908490826
29.060224006563747
29.061905846120528
29.064607905804476
29.06556109944089
29.07306378110965
29.090605836556215
29.11300682368781
29.246606885654113
29.282060121820802
29.28285579753241
29.286699970771696
29.347379474402306
29.35406322409439
29.40454620662318
29.4069397959505
29.434931667577743
29.445676080779354
29.472754083740824
29.53731217066728
29.55878947306818
29.558842733269206
29.57304529365887
29.61992148503262
29.634548971328957
29.655844276055674
29.723714126458923
29.729144051757817
29.781552945932837
29.809126393175642
29.866481260691916
29.880388987628333
29.880695566966242
29.891811351507407
29.93539614244586
29.94089556681811
29.943430430695077
29.95069490299843
29.957567083423754
29.99604750551906
30.02456835460951
30.044834127338063
30.047280268485956
30.06265877280455
30.063246164795142
30.08326314116414
30.085561347604347
30.092938802183898
30.102486829308607
30.118588759978213
30.1539378888027
30.193825051228824
30.199475541058696
30.23101496971842
30.23251035542725
30.270769831015397
30.275776411503145
30.2832878110808
30.303353228879935
30.337493028962704
30.348970127713436
30.372936807795686
30.385744862831398
30.387964622031756
30.41074668582473
30.43394208953913
30.469398494145274
30.476012922414746
30.477398606129476
30.485667494720563
30.505375121891042
30.512287658877117
30.522781046883978
30.551946936358807
30.602867631067586
30.65390508754728
30.657073470512728
30.693225504385925
30.694389750286327
30.734054101534802
30.735435442647137
30.75517112437509
30.756921344879643
30.779103951311242
30.79224247738596
30.819684925251696
30.83640675302593
30.859813237188817
30.860763375418273
30.866438936937268
30.878787081221315
30.897532423488595
30.903842213719177
30.91202405459964
30.927831390313745
30.941121550557448
30.972519783909448
30.985554273786576
30.991640851886796
31.03854253084657
31.046407671147783
31.046922321923955
31.055709886091524
31.107869413650064
31.12733232705852
31.163746056864476
31.19094931275333
31.228637041299887
31.23187469381641
31.24698753877765
31.28510406351487
31.357732091735713
31.359231823660327
31.36263829333843
31.385815618386946
31.393566721123502
31.410155608873676
31.424975381939458
31.511489515883532
31.54671129823865
31.562693747595894
31.567587215144382
31.66510438514496
31.6669475275237
31.676889359738272
31.69017361062138
31.695149132224703
31.705810531736144
31.746564955845354
31.80042221324271
31.827701895166268
31.862418843577824
31.885020605157234
31.90233429843519
31.927718910055265
31.93896880921001
31.977011161917194
31.99069521067385
32.002318539379566
32.00845629131759
32.13086079960718
32.13779203846678
32.139426629824634
32.14362184325885
32.17382031679545
32.19858777099079
32.21907711534372
32.2587260547057
32.263649581722696
32.28075070613272
32.28726870175271
32.28822704173979
32.38673195563851
32.388362242515946
32.40009717402346
32.40867782706938
32.41580008702539
32.42374242132553
32.46631923603968
32.476671369923906
32.52547291884624
32.525962343521684
32.54357159171193
32.549611218435366
32.58692164002812
32.59635786549987
32.61635716136607
32.63180910547762
32.64325909300001
32.65839701876516
32.662678591166994
32.67609702872738
32.69456780021235
32.716863444951095
32.74377943429441
32.75655396224886
32.787090210536334
32.79634893364929
32.819216976283315
32.84444690469647
32.87259682597705
32.879250775207744
32.88149033802414
32.88995576057776
32.9315248646872
32.98798275982557
33.02100354489539
33.024937301376355
33.03337304780143
33.046127546884065
33.10316298659832
33.1744914850291
33.19147226625432
33.196877726880324
33.2223712252797
33.24303174174668
33.30344783355262
33.34330546141861
33.34720172442538
33.34951642596661
33.34959469613684
33.35603542891639
33.366050431050546
33.36922428209843
33.37413745201061
33.40585757529585
33.437253218651946
33.462907460105825
33.50738883044298
33.56120320507114
33.582069682038814
33.62941785682797
33.63907116224357
33.70673753856619
33.72384681503992
33.727850288722195
33.74001589655515
33.748624762166926
33.78975174593968
33.82578572204476
33.87907681540785
33.90185750753482
33.938270695831235
33.94757146972751
33.95458618008961
33.96501297623052
33.997780759064376
34.00135289504389
34.01066362997746
34.081934849609446
34.100409826758316
34.11095083504504
34.14578212297352
34.16076151343579
34.235082409656535
34.240299628617755
34.253736268686716
34.26890182578542
34.26960515097293
34.272913418904615
34.305710578586435
34.30643430454338
34.331904304908456
34.34577003323697
34.36930321037008
34.40505094322611
34.41384093611879
34.42081601191336
34.42241249567589
34.46237534347704
34.47925512244734
34.48164677126
34.48432380867896
34.490304894461076
34.50250685509293
34.51419049122378
34.51935427348219
34.52697580191811
34.55021762618515
34.56335512502624
34.56630396035758
34.5830454700946
34.60169879421383
34.61450651024008
34.63913366297049
34.64575981372138
34.64734414843814
34.653710382133234
34.65708723093119
34.665502623039345
34.67081480509183
34.70930135842797
34.74399992486899
34.75605992751736
34.774754878296115
34.81013931079027
34.827357601673086
34.868053789195926
34.92685008846728
34.94335669979369
34.97264799863408
34.98255934284007
35.00681020276189
35.07194523108598
35.10437835754115
35.11752892436909
35.151722325798524
35.17050169286721
35.19632479985411
35.214853497207805
35.22092662404252
35.2268283636619
35.23965714786905
35.28040546963343
35.34277716250253
35.37111558888648
35.38989224939846
35.411860690109606
35.44681459235469
35.48016640453385
35.49676718983383
35.49729626543043
35.498096159164724
35.51587520203881
35.52910313874699
35.54438094480372
35.57901080578056
35.587869617930274
35.59092435253159
35.60841442528739
35.61757708480834
35.648447443557764
35.665333067522184
35.666525966475305
35.679554951540034
35.70231423886812
35.71008035383573
35.718451893737026
35.733432826069276
35.73521756972126
35.745227848925175
35.748913620933244
35.75213126271897
35.78281472335898
35.78490877386347
35.78509788509972
35.82364632402205
35.8579446734161
35.87082768784547
35.877786116596155
35.891216177751616
35.90524253304482
35.93789858395191
35.971958288029676
35.9754014804017
35.98444514669169
35.984970943182724
36.00852583977183
36.096184554157944
36.09875839149971
36.09915705774154
36.142318114568525
36.14289065017545
36.15036510463212
36.215030063023235
36.227148274499456
36.250091086819495
36.25546235858751
36.28681438123842
36.30133630100646
36.345971819881846
36.349338708309965
36.43288056264919
36.47002162741402
36.505967041239266
36.54375675402309
36.56564768335555
36.58535692003057
36.62099958284866
36.633922380106796
36.64214675364706
36.65414528445869
36.69173125790572
36.70482131850242
36.71472602173264
36.75146759957813
36.760833979300145
36.76458929464561
36.77110613513991
36.81870777850559
36.82126195753757
36.82500513324001
36.82588288712724
36.83207132127771
36.84793434295645
36.8577953584849
36.85821970762751
36.91554089368543
36.919623515247814
36.944275499870486
36.99994486334769
37.00186185547289
37.0033704860021
37.047095075200204
37.08001528673264
37.082849808562166
37.10950697607741
37.134346511013725
37.152941155838235
37.20986619809596
37.23293598576268
37.2475622004228
37.26752133012338
37.27902001863831
37.28238571022122
37.28324907331742
37.361362421776946
37.375457594479165
37.440770366923005
37.48143579040113
37.48218747372639
37.488417706055415
37.527902859323575
37.53208578736891
37.54076910445958
37.557073654338474
37.562140573110284
37.6253763413386
37.651235145177935
37.70717215283825
37.71597494746657
37.7431785312964
37.75047905409163
37.7623923666395
37.78555475261805
37.796762932092385
37.803376473913005
37.811665719589314
37.88696540561363
37.90084570913763
37.90284968643495
37.92266266039474
37.938077302836454
37.967605594654806
37.970530085756444
38.019448684403024
38.020849853309215
38.044238178996835
38.04961505307329
38.08087779807241
38.10061395745994
38.10275566327138
38.14556804623349
38.16452860479667
38.166978447483395
38.191599396981694
38.193180114851934
38.20004625751484
38.21320859869595
38.21379460085286
38.22457521729714
38.22861306324799
38.24049465963095
38.257310053661264
38.265356702815346
38.28355869118876
38.29114640157153
38.31332958824422
38.3240450673862
38.35075508702282
38.379768016390095
38.380953050801054
38.43783207796562
38.449322785594795
38.49442581481682
38.50809168370455
38.54912529670201
38.64062966700331
38.65144759186726
38.67132566700951
38.678723172323274
38.67913090175094
38.68152651149814
38.72229674825267
38.740722322552664
38.77757464383816
38.79352696266774
38.80771104509037
38.819536972467304
38.85469439386277
38.870150550344846
38.92915514123725
38.94680992415335
38.96311296444324
38.9898852952325
39.00391945131984
39.03460976137607
39.042607235178274
39.05104757533533
39.0590169705499
39.08158754978327
39.08331838287524
39.08557504001737
39.09769947285342
39.09996583816002
39.103141706124234
39.10399705126346
39.131778716968554
39.1826468955213
39.184293800144694
39.20439477172143
39.20880562410206
39.209326616440684
39.231834184713385
39.23475260207993
39.247993626116106
39.24844384570693
39.27070302702309
39.277217911603564
39.352944977980584
39.35767142540475
39.37879835065496
39.406999765624725
39.40960168652908
39.546795860242476
39.54985201878333
39.58437112149514
39.59585084666302
39.598433992658954
39.60189441144738
39.708186204207706
39.71560251010315
39.72060343801928
39.749790986057604
39.761684855902125
39.767908623089056
39.9230622715782
39.94549822664153
39.951690196206165
40.07281825515832
40.085406139371806
